#Time (us) ; Current (mA) ; Voltage (V) ; PC ; IRQ 
2744565704 ; 9.61427 ; 3.30467 ; 0 ; 0
2744610704 ; 9.30503 ; 3.30482 ; 0 ; 0
2744667704 ; 9.9162 ; 3.30452 ; 0 ; 0
2744711704 ; 9.62644 ; 3.30452 ; 0 ; 0
2744763704 ; 9.71045 ; 3.30605 ; 0 ; 0
2744803704 ; 9.78715 ; 3.30597 ; 0 ; 0
2744854704 ; 9.61061 ; 3.30429 ; 0 ; 0
2744904704 ; 9.65323 ; 3.30452 ; 0 ; 0
2744959704 ; 2.15248 ; 3.30376 ; 0 ; 0
2745010704 ; 2.161 ; 3.30284 ; 0 ; 0
2745057704 ; 8.53682 ; 3.30368 ; 0 ; 0
2745104704 ; 9.37686 ; 3.30437 ; 0 ; 0
2745147704 ; 9.48035 ; 3.30399 ; 0 ; 0
2745197704 ; 9.5047 ; 3.30597 ; 0 ; 0
2745236704 ; 9.57409 ; 3.30444 ; 0 ; 0
2745299704 ; 9.90524 ; 3.30414 ; 0 ; 0
2745344704 ; 9.55705 ; 3.30444 ; 0 ; 0
2745399704 ; 8.22271 ; 3.30452 ; 0 ; 0
2745473704 ; 9.49739 ; 3.30444 ; 0 ; 0
2745520704 ; 2.15613 ; 3.30391 ; 0 ; 0
2745574704 ; 9.44382 ; 3.30437 ; 0 ; 0
2745619704 ; 9.44869 ; 3.3062 ; 0 ; 0
2745673704 ; 8.49299 ; 3.30475 ; 0 ; 0
2745717704 ; 10.0623 ; 3.30482 ; 0 ; 0
2745775704 ; 8.59647 ; 3.30452 ; 0 ; 0
2745823704 ; 9.5887 ; 3.30437 ; 0 ; 0
2745875704 ; 9.98559 ; 3.30696 ; 0 ; 0
2745917704 ; 9.2819 ; 3.30437 ; 0 ; 0
2745974704 ; 2.14395 ; 3.30376 ; 0 ; 0
2746025704 ; 9.428 ; 3.30452 ; 0 ; 0
2746082704 ; 8.71944 ; 3.30429 ; 0 ; 0
2746128704 ; 9.74454 ; 3.30452 ; 0 ; 0
2746182704 ; 9.57653 ; 3.30437 ; 0 ; 0
2746228704 ; 9.50591 ; 3.30414 ; 0 ; 0
2746275704 ; 9.67758 ; 3.30414 ; 0 ; 0
2746315704 ; 9.80906 ; 3.30482 ; 0 ; 0
2746373704 ; 9.35495 ; 3.30421 ; 0 ; 0
2746420704 ; 2.15491 ; 3.30276 ; 0 ; 0
2746526704 ; 8.61352 ; 3.30345 ; 0 ; 0
2746584704 ; 9.54487 ; 3.30429 ; 0 ; 0
2746635704 ; 9.13702 ; 3.30452 ; 0 ; 0
2746692704 ; 9.51078 ; 3.30475 ; 0 ; 0
2746743704 ; 9.91376 ; 3.30414 ; 0 ; 0
2746799704 ; 8.37368 ; 3.30414 ; 0 ; 0
2746843704 ; 9.64349 ; 3.30421 ; 0 ; 0
2746897704 ; 9.91254 ; 3.3046 ; 0 ; 0
2746962704 ; 9.67514 ; 3.30452 ; 0 ; 0
2747010704 ; 8.58795 ; 3.3062 ; 0 ; 0
2747059704 ; 9.25025 ; 3.30437 ; 0 ; 0
2747110704 ; 9.36712 ; 3.30421 ; 0 ; 0
2747162704 ; 9.58992 ; 3.30421 ; 0 ; 0
2747208704 ; 9.4073 ; 3.30528 ; 0 ; 0
2747257704 ; 9.71653 ; 3.30429 ; 0 ; 0
2747307704 ; 9.72019 ; 3.30605 ; 0 ; 0
2747356704 ; 9.94907 ; 3.30467 ; 0 ; 0
2747411704 ; 9.55948 ; 3.30429 ; 0 ; 0
2747453704 ; 0.00237372 ; 3.30307 ; 0 ; 0
2747508704 ; 0.00207999 ; 3.30261 ; 0 ; 0
2747564704 ; 0.00151542 ; 3.30276 ; 0 ; 0
2747615704 ; 0.0026789 ; 3.30292 ; 0 ; 0
2747673704 ; 0.00160697 ; 3.30284 ; 0 ; 0
2747715704 ; 0.00193885 ; 3.30315 ; 0 ; 0
2747766704 ; 0.00237372 ; 3.30307 ; 0 ; 0
2747813704 ; 0.00182441 ; 3.3033 ; 0 ; 0
2747873704 ; 0.00133613 ; 3.30261 ; 0 ; 0
2747950704 ; 0.0014849 ; 3.30292 ; 0 ; 0
2748001704 ; 0.0020304 ; 3.30254 ; 0 ; 0
2748055704 ; 0.00183585 ; 3.30284 ; 0 ; 0
2748100704 ; 0.00159171 ; 3.30261 ; 0 ; 0
2748138704 ; 0.00183204 ; 3.30322 ; 0 ; 0
2748185704 ; 0.00175956 ; 3.30254 ; 0 ; 0
2748227704 ; 0.00159553 ; 3.30246 ; 0 ; 0
2748279704 ; 0.00204185 ; 3.30345 ; 0 ; 0
2748323704 ; 0.00172523 ; 3.30338 ; 0 ; 0
2748372704 ; 0.00169471 ; 3.30307 ; 0 ; 0
2748421704 ; 0.00234702 ; 3.30284 ; 0 ; 0
2748483704 ; 0.00144675 ; 3.30269 ; 0 ; 0
2748523704 ; 0.00245383 ; 3.30505 ; 0 ; 0
2748571704 ; 0.0035868 ; 3.30376 ; 0 ; 0
2748628704 ; 0.0026522 ; 3.30292 ; 0 ; 0
2748677704 ; 0.00251868 ; 3.30284 ; 0 ; 0
2748722704 ; 0.00197318 ; 3.30307 ; 0 ; 0
2748780704 ; 0.00239661 ; 3.30246 ; 0 ; 0
2748823704 ; 0.00174048 ; 3.30414 ; 0 ; 0
2748882704 ; 0.00135139 ; 3.30276 ; 0 ; 0
2748937704 ; 0.00173286 ; 3.30276 ; 0 ; 0
2748988704 ; 0.00198463 ; 3.30254 ; 0 ; 0
2749036704 ; 0.00270179 ; 3.30284 ; 0 ; 0
2749109704 ; 0.00262168 ; 3.30276 ; 0 ; 0
2749157704 ; 0.00233558 ; 3.30276 ; 0 ; 0
2749207704 ; 0.00166419 ; 3.30246 ; 0 ; 0
2749259704 ; 0.00247291 ; 3.30315 ; 0 ; 0
2749309704 ; 0.00199988 ; 3.30269 ; 0 ; 0
2749360704 ; 0.00196555 ; 3.30276 ; 0 ; 0
2749414704 ; 0.000988989 ; 3.30284 ; 0 ; 0
2749470704 ; 0.00206855 ; 3.30284 ; 0 ; 0
2749517704 ; 0.0029383 ; 3.30315 ; 0 ; 0
2749575704 ; 0.00206473 ; 3.30284 ; 0 ; 0
2749630704 ; 0.00152305 ; 3.30284 ; 0 ; 0
2749689704 ; 0.00220969 ; 3.30307 ; 0 ; 0
2749732704 ; 0.00170234 ; 3.30307 ; 0 ; 0
2749786704 ; 0.0025492 ; 3.30482 ; 0 ; 0
2749824704 ; 0.00181296 ; 3.30467 ; 0 ; 0
2749995704 ; 0.00168708 ; 3.30284 ; 0 ; 0
2750035704 ; 0.00299171 ; 3.30292 ; 0 ; 0
2750085704 ; 0.00191215 ; 3.30269 ; 0 ; 0
2750134704 ; 0.00162604 ; 3.30276 ; 0 ; 0
2750186704 ; 0.00248054 ; 3.30276 ; 0 ; 0
2750226704 ; 0.00151923 ; 3.30254 ; 0 ; 0
2750276704 ; 0.00270179 ; 3.30353 ; 0 ; 0
2750321704 ; 0.00155356 ; 3.30276 ; 0 ; 0
2750376704 ; 0.0021868 ; 3.30292 ; 0 ; 0
2750425704 ; 0.00206855 ; 3.30254 ; 0 ; 0
2750485704 ; 0.00138953 ; 3.30261 ; 0 ; 0
2750528704 ; 0.00175956 ; 3.30345 ; 0 ; 0
2750585704 ; 0.00147727 ; 3.30269 ; 0 ; 0
2750631704 ; 0.00264838 ; 3.30551 ; 0 ; 0
2750682704 ; 0.00158408 ; 3.30307 ; 0 ; 0
2750724704 ; 0.00349525 ; 3.30238 ; 0 ; 0
2750777704 ; 0.00273612 ; 3.30284 ; 0 ; 0
2750821704 ; 0.00156882 ; 3.30276 ; 0 ; 0
2750875704 ; 0.00232032 ; 3.30605 ; 0 ; 0
2750931704 ; 0.0024195 ; 3.30292 ; 0 ; 0
2750985704 ; 0.00196937 ; 3.30246 ; 0 ; 0
2751035704 ; 2.21091 ; 3.30246 ; 0 ; 0
2751095704 ; 9.51565 ; 3.30421 ; 0 ; 0
2751137704 ; 9.32086 ; 3.30429 ; 0 ; 0
2751192704 ; 9.53392 ; 3.30421 ; 0 ; 0
2751233704 ; 9.52661 ; 3.30421 ; 0 ; 0
2751293704 ; 9.58018 ; 3.30437 ; 0 ; 0
2751339704 ; 9.53148 ; 3.30437 ; 0 ; 0
2751392704 ; 9.95759 ; 3.30452 ; 0 ; 0
2751441704 ; 9.55218 ; 3.30391 ; 0 ; 0
2751498704 ; 2.1403 ; 3.30261 ; 0 ; 0
2751539704 ; 2.14395 ; 3.30261 ; 0 ; 0
2751594704 ; 2.14274 ; 3.3036 ; 0 ; 0
2751640704 ; 9.19546 ; 3.30444 ; 0 ; 0
2751688704 ; 8.633 ; 3.3049 ; 0 ; 0
2751728704 ; 9.30382 ; 3.30452 ; 0 ; 0
2751778704 ; 9.7701 ; 3.3046 ; 0 ; 0
2751822704 ; 9.30016 ; 3.30467 ; 0 ; 0
2751883704 ; 9.62766 ; 3.30452 ; 0 ; 0
2751931704 ; 9.7628 ; 3.30429 ; 0 ; 0
2751980704 ; 9.9515 ; 3.30452 ; 0 ; 0
2752021704 ; 9.65931 ; 3.3046 ; 0 ; 0
2752071704 ; 8.75474 ; 3.30391 ; 0 ; 0
2752116704 ; 9.36956 ; 3.30475 ; 0 ; 0
2752164704 ; 8.33229 ; 3.30437 ; 0 ; 0
2752213704 ; 9.38539 ; 3.30589 ; 0 ; 0
2752252704 ; 9.11633 ; 3.30498 ; 0 ; 0
2752306704 ; 8.64882 ; 3.30452 ; 0 ; 0
2752346704 ; 9.24416 ; 3.30452 ; 0 ; 0
2752405704 ; 8.3749 ; 3.30444 ; 0 ; 0
2752450704 ; 9.75549 ; 3.30429 ; 0 ; 0
2752506704 ; 8.81075 ; 3.30292 ; 0 ; 0
2752568704 ; 9.32451 ; 3.30429 ; 0 ; 0
2752621704 ; 9.60209 ; 3.30444 ; 0 ; 0
2752673704 ; 9.58018 ; 3.30475 ; 0 ; 0
2752724704 ; 9.14189 ; 3.30467 ; 0 ; 0
2752785704 ; 9.8955 ; 3.30452 ; 0 ; 0
2752835704 ; 9.59601 ; 3.30429 ; 0 ; 0
2752896704 ; 9.40973 ; 3.30452 ; 0 ; 0
2752935704 ; 9.54852 ; 3.30475 ; 0 ; 0
2752984704 ; 2.14395 ; 3.30292 ; 0 ; 0
2753035704 ; 2.15613 ; 3.3033 ; 0 ; 0
2753091704 ; 8.76814 ; 3.3036 ; 0 ; 0
2753137704 ; 9.77862 ; 3.3046 ; 0 ; 0
2753188704 ; 9.41704 ; 3.30597 ; 0 ; 0
2753230704 ; 9.64836 ; 3.30574 ; 0 ; 0
2753279704 ; 9.12972 ; 3.30452 ; 0 ; 0
2753335704 ; 9.6654 ; 3.30444 ; 0 ; 0
2753388704 ; 9.66175 ; 3.3062 ; 0 ; 0
2753428704 ; 10.0623 ; 3.30452 ; 0 ; 0
2753479704 ; 9.16868 ; 3.3049 ; 0 ; 0
2753523704 ; 2.14882 ; 3.30406 ; 0 ; 0
2753576704 ; 9.58018 ; 3.30452 ; 0 ; 0
