#Time (us) ; Current (mA) ; Voltage (V) ; PC ; IRQ 
2513139704 ; 28.9572 ; 3.30536 ; 0 ; 0
2513193704 ; 7.54581 ; 3.30444 ; 0 ; 0
2513267704 ; 7.54094 ; 3.30444 ; 0 ; 0
2513341704 ; 7.5592 ; 3.3046 ; 0 ; 0
2513403704 ; 7.54216 ; 3.30444 ; 0 ; 0
2513476704 ; 7.54337 ; 3.3046 ; 0 ; 0
2513538704 ; 7.54581 ; 3.30612 ; 0 ; 0
2513597704 ; 29.1118 ; 3.30551 ; 0 ; 0
2513656704 ; 7.55798 ; 3.30734 ; 0 ; 0
2513711704 ; 7.5312 ; 3.3049 ; 0 ; 0
2513773704 ; 7.54946 ; 3.30635 ; 0 ; 0
2513832704 ; 7.55311 ; 3.3046 ; 0 ; 0
2513887704 ; 7.53972 ; 3.3065 ; 0 ; 0
2513958704 ; 7.54216 ; 3.30482 ; 0 ; 0
2514020704 ; 29.2031 ; 3.30528 ; 0 ; 0
2514084704 ; 7.5519 ; 3.30437 ; 0 ; 0
2514150704 ; 7.55311 ; 3.30467 ; 0 ; 0
2514203704 ; 7.5519 ; 3.30437 ; 0 ; 0
2514262704 ; 7.56285 ; 3.30452 ; 0 ; 0
2514317704 ; 7.54094 ; 3.30612 ; 0 ; 0
2514379704 ; 7.54459 ; 3.30353 ; 0 ; 0
2514442704 ; 7.54094 ; 3.30437 ; 0 ; 0
2514496704 ; 7.54581 ; 3.30421 ; 0 ; 0
2514559704 ; 7.55555 ; 3.30475 ; 0 ; 0
2514619704 ; 20.3157 ; 3.30696 ; 0 ; 0
2514689704 ; 7.58598 ; 3.30528 ; 0 ; 0
2514758704 ; 7.54703 ; 3.30452 ; 0 ; 0
2514816704 ; 7.54703 ; 3.30467 ; 0 ; 0
2514881704 ; 7.55311 ; 3.30421 ; 0 ; 0
2514952704 ; 7.55677 ; 3.3049 ; 0 ; 0
2515006704 ; 7.55555 ; 3.30414 ; 0 ; 0
2515069704 ; 29.0644 ; 3.30582 ; 0 ; 0
2515139704 ; 7.56285 ; 3.30521 ; 0 ; 0
2515206704 ; 7.5519 ; 3.30406 ; 0 ; 0
2515279704 ; 29.0266 ; 3.30551 ; 0 ; 0
2515338704 ; 7.54581 ; 3.30521 ; 0 ; 0
2515401704 ; 7.54459 ; 3.30521 ; 0 ; 0
2515474704 ; 7.56285 ; 3.3046 ; 0 ; 0
2515548704 ; 7.58355 ; 3.30505 ; 0 ; 0
2515602704 ; 7.55068 ; 3.30605 ; 0 ; 0
2515676704 ; 7.54216 ; 3.30467 ; 0 ; 0
2515834704 ; 7.55555 ; 3.30437 ; 0 ; 0
2515891704 ; 7.56285 ; 3.3046 ; 0 ; 0
2515969704 ; 7.58233 ; 3.3049 ; 0 ; 0
2516026704 ; 7.55433 ; 3.30643 ; 0 ; 0
2516087704 ; 7.54946 ; 3.3033 ; 0 ; 0
2516168704 ; 24.0618 ; 3.30582 ; 0 ; 0
2516227704 ; 7.55798 ; 3.30498 ; 0 ; 0
2516300704 ; 7.5519 ; 3.30475 ; 0 ; 0
2516365704 ; 7.54581 ; 3.30452 ; 0 ; 0
2516419704 ; 7.56042 ; 3.30505 ; 0 ; 0
2516481704 ; 7.5519 ; 3.30498 ; 0 ; 0
2516548704 ; 28.7977 ; 3.3049 ; 0 ; 0
2516606704 ; 7.56772 ; 3.30429 ; 0 ; 0
2516666704 ; 7.55068 ; 3.30437 ; 0 ; 0
2516733704 ; 7.54703 ; 3.3046 ; 0 ; 0
2516787704 ; 29.2104 ; 3.30551 ; 0 ; 0
2516851704 ; 32.2334 ; 3.30627 ; 0 ; 0
2516907704 ; 7.55068 ; 3.30437 ; 0 ; 0
2516981704 ; 7.54946 ; 3.3046 ; 0 ; 0
2517051704 ; 29.247 ; 3.30666 ; 0 ; 0
2517105704 ; 7.55068 ; 3.30444 ; 0 ; 0
2517175704 ; 7.5385 ; 3.30452 ; 0 ; 0
2517235704 ; 7.54703 ; 3.30902 ; 0 ; 0
2517302704 ; 7.5519 ; 3.30536 ; 0 ; 0
2517373704 ; 7.5592 ; 3.30605 ; 0 ; 0
2517429704 ; 29.0644 ; 3.30704 ; 0 ; 0
2517486704 ; 7.54824 ; 3.30574 ; 0 ; 0
2517558704 ; 7.54581 ; 3.30437 ; 0 ; 0
2517622704 ; 7.54946 ; 3.30467 ; 0 ; 0
2517689704 ; 7.56042 ; 3.30505 ; 0 ; 0
2517751704 ; 7.55433 ; 3.3049 ; 0 ; 0
2517816704 ; 15.4398 ; 3.30475 ; 0 ; 0
2517876704 ; 7.55798 ; 3.30482 ; 0 ; 0
2517944704 ; 7.55677 ; 3.30414 ; 0 ; 0
2518009704 ; 7.54337 ; 3.30421 ; 0 ; 0
2518077704 ; 29.2957 ; 3.30528 ; 0 ; 0
2518137704 ; 7.54703 ; 3.30635 ; 0 ; 0
2518196704 ; 7.5385 ; 3.30421 ; 0 ; 0
2518267704 ; 29.0717 ; 3.30566 ; 0 ; 0
2518332704 ; 7.55555 ; 3.30406 ; 0 ; 0
2518388704 ; 7.54824 ; 3.30452 ; 0 ; 0
2518449704 ; 7.55555 ; 3.30421 ; 0 ; 0
2518516704 ; 7.54946 ; 3.30444 ; 0 ; 0
2518580704 ; 7.56042 ; 3.30513 ; 0 ; 0
2518651704 ; 7.5592 ; 3.30582 ; 0 ; 0
2518717704 ; 29.1824 ; 3.30521 ; 0 ; 0
2518785704 ; 7.5519 ; 3.30429 ; 0 ; 0
2518862704 ; 7.55555 ; 3.30498 ; 0 ; 0
2518928704 ; 29.068 ; 3.30513 ; 0 ; 0
2518996704 ; 7.56894 ; 3.30437 ; 0 ; 0
2519058704 ; 7.56772 ; 3.30467 ; 0 ; 0
2519119704 ; 29.3553 ; 3.30582 ; 0 ; 0
2519181704 ; 7.59085 ; 3.3075 ; 0 ; 0
2519247704 ; 7.54946 ; 3.30452 ; 0 ; 0
2519479704 ; 7.5519 ; 3.30421 ; 0 ; 0
2519535704 ; 7.54337 ; 3.30589 ; 0 ; 0
2519608704 ; 7.55798 ; 3.30505 ; 0 ; 0
2519672704 ; 7.55311 ; 3.30734 ; 0 ; 0
2519726704 ; 7.56042 ; 3.30444 ; 0 ; 0
2519787704 ; 29.0838 ; 3.30528 ; 0 ; 0
2519851704 ; 28.9779 ; 3.30894 ; 0 ; 0
2519908704 ; 7.54824 ; 3.30658 ; 0 ; 0
2519972704 ; 7.54459 ; 3.30482 ; 0 ; 0
2520029704 ; 7.56042 ; 3.3049 ; 0 ; 0
2520099704 ; 7.5592 ; 3.30421 ; 0 ; 0
2520170704 ; 24.0606 ; 3.30467 ; 0 ; 0
2520243704 ; 7.54337 ; 3.30429 ; 0 ; 0
2520308704 ; 7.55677 ; 3.30482 ; 0 ; 0
2520367704 ; 7.55311 ; 3.30444 ; 0 ; 0
2520431704 ; 29.0522 ; 3.30505 ; 0 ; 0
2520484704 ; 7.5519 ; 3.30452 ; 0 ; 0
2520544704 ; 7.5592 ; 3.30482 ; 0 ; 0
2520613704 ; 7.54337 ; 3.3046 ; 0 ; 0
2520675704 ; 7.55798 ; 3.30681 ; 0 ; 0
2520741704 ; 7.53485 ; 3.30505 ; 0 ; 0
2520804704 ; 7.55798 ; 3.30437 ; 0 ; 0
2520875704 ; 7.55555 ; 3.30421 ; 0 ; 0
2520928704 ; 7.53729 ; 3.30498 ; 0 ; 0
2520987704 ; 7.56407 ; 3.30421 ; 0 ; 0
2521044704 ; 7.55433 ; 3.30635 ; 0 ; 0
2521099704 ; 7.55677 ; 3.3049 ; 0 ; 0
2521174704 ; 7.56042 ; 3.30475 ; 0 ; 0
2521227704 ; 7.54581 ; 3.3046 ; 0 ; 0
2521300704 ; 7.59329 ; 3.30498 ; 0 ; 0
2521367704 ; 7.55555 ; 3.30429 ; 0 ; 0
2521421704 ; 7.56164 ; 3.30467 ; 0 ; 0
2521488704 ; 29.1094 ; 3.30566 ; 0 ; 0
2521560704 ; 7.54094 ; 3.30505 ; 0 ; 0
2521611704 ; 7.5519 ; 3.30681 ; 0 ; 0
2521679704 ; 29.3821 ; 3.30521 ; 0 ; 0
2521734704 ; 7.54946 ; 3.30421 ; 0 ; 0
2521792704 ; 7.56529 ; 3.30727 ; 0 ; 0
2521868704 ; 7.55068 ; 3.30444 ; 0 ; 0
2521933704 ; 7.53972 ; 3.30612 ; 0 ; 0
2521988704 ; 7.55677 ; 3.30482 ; 0 ; 0
2522061704 ; 7.54703 ; 3.30521 ; 0 ; 0
2522126704 ; 7.55677 ; 3.30544 ; 0 ; 0
2522191704 ; 7.55677 ; 3.30505 ; 0 ; 0
2522252704 ; 7.56407 ; 3.30597 ; 0 ; 0
2522314704 ; 7.56164 ; 3.30475 ; 0 ; 0
2522377704 ; 7.5592 ; 3.30513 ; 0 ; 0
2522440704 ; 7.54216 ; 3.3049 ; 0 ; 0
2522505704 ; 7.55433 ; 3.30482 ; 0 ; 0
2522581704 ; 7.59085 ; 3.30513 ; 0 ; 0
2522637704 ; 7.57259 ; 3.30673 ; 0 ; 0
2522692704 ; 7.56285 ; 3.30467 ; 0 ; 0
2522755704 ; 7.55311 ; 3.30429 ; 0 ; 0
2522806704 ; 7.55433 ; 3.30574 ; 0 ; 0
2522867704 ; 7.54216 ; 3.30429 ; 0 ; 0
2522923704 ; 7.53972 ; 3.30437 ; 0 ; 0
2522989704 ; 29.1411 ; 3.30536 ; 0 ; 0
2523056704 ; 7.54216 ; 3.30475 ; 0 ; 0
2523121704 ; 7.55433 ; 3.30452 ; 0 ; 0
2523173704 ; 7.5519 ; 3.30467 ; 0 ; 0
2523226704 ; 7.55677 ; 3.30658 ; 0 ; 0
2523286704 ; 7.56042 ; 3.30444 ; 0 ; 0
2523356704 ; 7.54824 ; 3.30421 ; 0 ; 0
2523414704 ; 7.55433 ; 3.30444 ; 0 ; 0
2523477704 ; 7.55311 ; 3.30444 ; 0 ; 0
2523531704 ; 7.54094 ; 3.30452 ; 0 ; 0
2523592704 ; 7.55068 ; 3.3046 ; 0 ; 0
2523651704 ; 29.1337 ; 3.30559 ; 0 ; 0
2523707704 ; 7.54581 ; 3.30437 ; 0 ; 0
2523772704 ; 7.54337 ; 3.30482 ; 0 ; 0
2523832704 ; 7.55677 ; 3.30467 ; 0 ; 0
2523891704 ; 7.54337 ; 3.30513 ; 0 ; 0
2523954704 ; 7.53972 ; 3.30475 ; 0 ; 0
2524010704 ; 19.5877 ; 3.30467 ; 0 ; 0
2524078704 ; 7.5799 ; 3.30521 ; 0 ; 0
2524134704 ; 7.54216 ; 3.30406 ; 0 ; 0
2524202704 ; 7.56407 ; 3.3046 ; 0 ; 0
2524270704 ; 29.1678 ; 3.30544 ; 0 ; 0
2524321704 ; 7.55311 ; 3.30704 ; 0 ; 0
2524381704 ; 7.5519 ; 3.30574 ; 0 ; 0
2524435704 ; 26.7524 ; 3.3046 ; 0 ; 0
2524493704 ; 7.54703 ; 3.30605 ; 0 ; 0
2524558704 ; 7.56042 ; 3.3062 ; 0 ; 0
2524623704 ; 7.53729 ; 3.30467 ; 0 ; 0
2524686704 ; 29.1873 ; 3.30544 ; 0 ; 0
2524750704 ; 7.55555 ; 3.30582 ; 0 ; 0
2524803704 ; 7.55311 ; 3.3049 ; 0 ; 0
2524875704 ; 7.54581 ; 3.3049 ; 0 ; 0
2524933704 ; 7.56042 ; 3.30399 ; 0 ; 0
2524991704 ; 7.54581 ; 3.30673 ; 0 ; 0
2525064704 ; 7.54824 ; 3.30467 ; 0 ; 0
2525120704 ; 29.1435 ; 3.30505 ; 0 ; 0
2525187704 ; 7.54946 ; 3.30414 ; 0 ; 0
2525248704 ; 7.54703 ; 3.30429 ; 0 ; 0
2525298704 ; 28.7466 ; 3.30704 ; 0 ; 0
2525368704 ; 7.54824 ; 3.30498 ; 0 ; 0
2525463704 ; 7.54703 ; 3.30498 ; 0 ; 0
2525529704 ; 29.4345 ; 3.30612 ; 0 ; 0
2525589704 ; 7.56042 ; 3.3049 ; 0 ; 0
2525643704 ; 7.57016 ; 3.30467 ; 0 ; 0
2525708704 ; 7.55311 ; 3.30482 ; 0 ; 0
2525769704 ; 29.1849 ; 3.30589 ; 0 ; 0
2525816704 ; 7.5519 ; 3.30681 ; 0 ; 0
2525888704 ; 7.56407 ; 3.30437 ; 0 ; 0
2525956704 ; 29.6974 ; 3.30605 ; 0 ; 0
2526008704 ; 7.56042 ; 3.30513 ; 0 ; 0
2526069704 ; 7.54337 ; 3.30414 ; 0 ; 0
2526121704 ; 7.5519 ; 3.30452 ; 0 ; 0
2526186704 ; 7.54337 ; 3.30437 ; 0 ; 0
2526251704 ; 30.2635 ; 3.30765 ; 0 ; 0
2526303704 ; 7.5385 ; 3.30498 ; 0 ; 0
2526367704 ; 28.665 ; 3.3049 ; 0 ; 0
2526420704 ; 7.60181 ; 3.30513 ; 0 ; 0
2526487704 ; 7.56772 ; 3.30421 ; 0 ; 0
2526547704 ; 7.54824 ; 3.30376 ; 0 ; 0
2526603704 ; 7.5592 ; 3.30437 ; 0 ; 0
2526664704 ; 7.55555 ; 3.30482 ; 0 ; 0
2526733704 ; 7.56529 ; 3.30475 ; 0 ; 0
2526805704 ; 7.56164 ; 3.30444 ; 0 ; 0
2526877704 ; 7.55555 ; 3.30452 ; 0 ; 0
2526938704 ; 7.54216 ; 3.30399 ; 0 ; 0
2526996704 ; 23.4494 ; 3.3046 ; 0 ; 0
2527053704 ; 7.54946 ; 3.30719 ; 0 ; 0
2527113704 ; 7.5385 ; 3.30429 ; 0 ; 0
2527177704 ; 7.54094 ; 3.30437 ; 0 ; 0
2527240704 ; 29.6987 ; 3.3062 ; 0 ; 0
2527305704 ; 7.56164 ; 3.30444 ; 0 ; 0
2527367704 ; 7.53972 ; 3.30589 ; 0 ; 0
2527431704 ; 7.53485 ; 3.30498 ; 0 ; 0
2527498704 ; 7.55433 ; 3.30544 ; 0 ; 0
2527578704 ; 7.54946 ; 3.30444 ; 0 ; 0
2527639704 ; 20.8623 ; 3.3046 ; 0 ; 0
2527702704 ; 7.54824 ; 3.30437 ; 0 ; 0
2527763704 ; 7.54216 ; 3.30414 ; 0 ; 0
2527818704 ; 7.54337 ; 3.30421 ; 0 ; 0
2527880704 ; 29.7084 ; 3.30688 ; 0 ; 0
2527936704 ; 7.55068 ; 3.30414 ; 0 ; 0
2527994704 ; 7.54703 ; 3.30421 ; 0 ; 0
2528052704 ; 7.54094 ; 3.30788 ; 0 ; 0
2528112704 ; 7.54703 ; 3.30444 ; 0 ; 0
2528173704 ; 7.55798 ; 3.30414 ; 0 ; 0
2528238704 ; 7.55433 ; 3.30429 ; 0 ; 0
2528303704 ; 7.5519 ; 3.30444 ; 0 ; 0
2528374704 ; 7.54946 ; 3.30475 ; 0 ; 0
2528437704 ; 7.54946 ; 3.30399 ; 0 ; 0
2528497704 ; 28.7709 ; 3.30467 ; 0 ; 0
2528556704 ; 7.54581 ; 3.30482 ; 0 ; 0
2528612704 ; 7.54703 ; 3.30467 ; 0 ; 0
2528676704 ; 7.55068 ; 3.3033 ; 0 ; 0
2528741704 ; 29.1703 ; 3.3049 ; 0 ; 0
2528807704 ; 7.54216 ; 3.30452 ; 0 ; 0
2528870704 ; 7.56285 ; 3.3046 ; 0 ; 0
2528934704 ; 7.55068 ; 3.3046 ; 0 ; 0
2529000704 ; 7.56407 ; 3.30498 ; 0 ; 0
2529071704 ; 7.54946 ; 3.30467 ; 0 ; 0
2529123704 ; 7.5519 ; 3.30437 ; 0 ; 0
2529183704 ; 7.55677 ; 3.30719 ; 0 ; 0
2529238704 ; 7.55555 ; 3.30406 ; 0 ; 0
2529296704 ; 7.55798 ; 3.30429 ; 0 ; 0
2529362704 ; 7.54824 ; 3.30444 ; 0 ; 0
2529413704 ; 7.55555 ; 3.30429 ; 0 ; 0
2529489704 ; 7.55433 ; 3.30482 ; 0 ; 0
2529555704 ; 7.55311 ; 3.30467 ; 0 ; 0
2529627704 ; 7.5592 ; 3.30421 ; 0 ; 0
2529690704 ; 7.55555 ; 3.30437 ; 0 ; 0
2529747704 ; 7.54459 ; 3.30315 ; 0 ; 0
2529804704 ; 7.5519 ; 3.30452 ; 0 ; 0
2529880704 ; 7.57624 ; 3.30498 ; 0 ; 0
2529944704 ; 7.54581 ; 3.30482 ; 0 ; 0
2530014704 ; 7.54459 ; 3.30437 ; 0 ; 0
2530090704 ; 7.55068 ; 3.3049 ; 0 ; 0
2530153704 ; 7.54824 ; 3.30505 ; 0 ; 0
2530206704 ; 28.609 ; 3.30498 ; 0 ; 0
2530288704 ; 7.56772 ; 3.30475 ; 0 ; 0
2530346704 ; 7.55068 ; 3.30414 ; 0 ; 0
2530400704 ; 7.54581 ; 3.30429 ; 0 ; 0
2530477704 ; 7.59451 ; 3.30513 ; 0 ; 0
2530545704 ; 7.54824 ; 3.30421 ; 0 ; 0
2530607704 ; 7.55433 ; 3.30421 ; 0 ; 0
2530687704 ; 7.5519 ; 3.30437 ; 0 ; 0
2530752704 ; 7.54946 ; 3.30498 ; 0 ; 0
2530818704 ; 7.54946 ; 3.30414 ; 0 ; 0
2530892704 ; 7.54459 ; 3.30627 ; 0 ; 0
2530965704 ; 7.55068 ; 3.30391 ; 0 ; 0
2531023704 ; 7.55068 ; 3.30742 ; 0 ; 0
2531098704 ; 29.0546 ; 3.30536 ; 0 ; 0
2531162704 ; 7.55555 ; 3.30605 ; 0 ; 0
2531243704 ; 7.54459 ; 3.3046 ; 0 ; 0
2531301704 ; 29.2567 ; 3.30521 ; 0 ; 0
2531380704 ; 7.56772 ; 3.3049 ; 0 ; 0
2531433704 ; 7.55798 ; 3.30688 ; 0 ; 0
2531496704 ; 28.9548 ; 3.30521 ; 0 ; 0
2531570704 ; 7.56042 ; 3.30513 ; 0 ; 0
2532093704 ; 7.54459 ; 3.3049 ; 0 ; 0
2532147704 ; 29.7145 ; 3.30605 ; 0 ; 0
2532205704 ; 7.55311 ; 3.30421 ; 0 ; 0
2532278704 ; 7.55311 ; 3.30406 ; 0 ; 0
2532339704 ; 28.8355 ; 3.3049 ; 0 ; 0
2532401704 ; 7.57746 ; 3.30521 ; 0 ; 0
2532474704 ; 7.55433 ; 3.30482 ; 0 ; 0
2532536704 ; 7.56164 ; 3.30482 ; 0 ; 0
2532608704 ; 7.59694 ; 3.30467 ; 0 ; 0
2532683704 ; 7.56407 ; 3.30505 ; 0 ; 0
2532746704 ; 7.54459 ; 3.30421 ; 0 ; 0
2532808704 ; 29.1593 ; 3.30544 ; 0 ; 0
2532878704 ; 7.55555 ; 3.30421 ; 0 ; 0
2532931704 ; 7.55068 ; 3.30696 ; 0 ; 0
2532999704 ; 29.1995 ; 3.30597 ; 0 ; 0
2533060704 ; 7.55798 ; 3.30788 ; 0 ; 0
2533116704 ; 7.55311 ; 3.30421 ; 0 ; 0
2533189704 ; 25.5776 ; 3.30444 ; 0 ; 0
2533244704 ; 7.54703 ; 3.30406 ; 0 ; 0
2533309704 ; 7.54703 ; 3.30452 ; 0 ; 0
2533373704 ; 7.54216 ; 3.30612 ; 0 ; 0
2533430704 ; 29.7437 ; 3.30589 ; 0 ; 0
2533496704 ; 7.5312 ; 3.30681 ; 0 ; 0
2533556704 ; 7.55068 ; 3.30406 ; 0 ; 0
2533617704 ; 28.8294 ; 3.3049 ; 0 ; 0
2533682704 ; 7.58111 ; 3.30521 ; 0 ; 0
2533738704 ; 7.54459 ; 3.30414 ; 0 ; 0
2533802704 ; 7.53607 ; 3.30467 ; 0 ; 0
2533858704 ; 29.3176 ; 3.3078 ; 0 ; 0
2533913704 ; 7.57868 ; 3.30437 ; 0 ; 0
2533979704 ; 7.55311 ; 3.30612 ; 0 ; 0
2534035704 ; 7.54581 ; 3.30437 ; 0 ; 0
2534103704 ; 7.55433 ; 3.30421 ; 0 ; 0
2534158704 ; 7.55677 ; 3.30437 ; 0 ; 0
2534223704 ; 7.54824 ; 3.30513 ; 0 ; 0
2534286704 ; 7.54216 ; 3.30444 ; 0 ; 0
2534345704 ; 7.57137 ; 3.30452 ; 0 ; 0
2534410704 ; 7.54094 ; 3.3046 ; 0 ; 0
2534480704 ; 28.5214 ; 3.3049 ; 0 ; 0
2534532704 ; 7.61033 ; 3.30521 ; 0 ; 0
2534598704 ; 7.5665 ; 3.30513 ; 0 ; 0
2534661704 ; 7.53729 ; 3.30475 ; 0 ; 0
2534717704 ; 29.1106 ; 3.30536 ; 0 ; 0
2534782704 ; 7.53242 ; 3.30482 ; 0 ; 0
2534830704 ; 7.56285 ; 3.30444 ; 0 ; 0
2534897704 ; 28.7344 ; 3.30475 ; 0 ; 0
2534962704 ; 7.58842 ; 3.30505 ; 0 ; 0
2535024704 ; 7.54703 ; 3.30399 ; 0 ; 0
2535084704 ; 7.56407 ; 3.3046 ; 0 ; 0
2535147704 ; 29.1569 ; 3.30498 ; 0 ; 0
2535206704 ; 7.54946 ; 3.30528 ; 0 ; 0
2535279704 ; 7.55433 ; 3.30437 ; 0 ; 0
2535342704 ; 7.5519 ; 3.30452 ; 0 ; 0
2535408704 ; 7.56042 ; 3.30513 ; 0 ; 0
2535479704 ; 7.54703 ; 3.30559 ; 0 ; 0
2535541704 ; 7.55798 ; 3.30475 ; 0 ; 0
2535610704 ; 7.56772 ; 3.3049 ; 0 ; 0
2535683704 ; 7.5592 ; 3.30498 ; 0 ; 0
2535744704 ; 7.56285 ; 3.3046 ; 0 ; 0
2535805704 ; 7.55311 ; 3.30704 ; 0 ; 0
2535878704 ; 7.55677 ; 3.30421 ; 0 ; 0
2535933704 ; 7.54946 ; 3.30666 ; 0 ; 0
2536002704 ; 7.56407 ; 3.30475 ; 0 ; 0
2536072704 ; 7.54581 ; 3.30482 ; 0 ; 0
2536126704 ; 7.55068 ; 3.30437 ; 0 ; 0
2536190704 ; 28.9 ; 3.30505 ; 0 ; 0
2536254704 ; 7.5592 ; 3.30498 ; 0 ; 0
2536308704 ; 7.54946 ; 3.30437 ; 0 ; 0
2536384704 ; 7.54094 ; 3.30475 ; 0 ; 0
2536443704 ; 7.55068 ; 3.30437 ; 0 ; 0
2536505704 ; 7.53607 ; 3.30437 ; 0 ; 0
2536569704 ; 7.54337 ; 3.30437 ; 0 ; 0
2536630704 ; 29.7035 ; 3.30605 ; 0 ; 0
2536695704 ; 7.53972 ; 3.3065 ; 0 ; 0
2536748704 ; 7.56164 ; 3.30406 ; 0 ; 0
2536807704 ; 7.53972 ; 3.30475 ; 0 ; 0
2536868704 ; 11.6632 ; 3.30589 ; 0 ; 0
2536923704 ; 7.54094 ; 3.30429 ; 0 ; 0
2536988704 ; 7.56042 ; 3.30429 ; 0 ; 0
2537039704 ; 28.6127 ; 3.30521 ; 0 ; 0
2537102704 ; 7.54459 ; 3.30421 ; 0 ; 0
2537153704 ; 7.54581 ; 3.3049 ; 0 ; 0
2537212704 ; 7.53972 ; 3.30437 ; 0 ; 0
2537278704 ; 29.0084 ; 3.30536 ; 0 ; 0
2537332704 ; 7.56529 ; 3.30505 ; 0 ; 0
2537404704 ; 7.54703 ; 3.3049 ; 0 ; 0
2537464704 ; 7.54703 ; 3.30704 ; 0 ; 0
2537519704 ; 7.58842 ; 3.30505 ; 0 ; 0
2537586704 ; 7.54216 ; 3.30475 ; 0 ; 0
2537644704 ; 7.55677 ; 3.30482 ; 0 ; 0
2537704704 ; 7.55433 ; 3.30437 ; 0 ; 0
2537767704 ; 7.56042 ; 3.30421 ; 0 ; 0
2537817704 ; 7.55555 ; 3.30666 ; 0 ; 0
2537876704 ; 10.156 ; 3.30444 ; 0 ; 0
2537932704 ; 7.53363 ; 3.30605 ; 0 ; 0
2538000704 ; 7.5385 ; 3.30452 ; 0 ; 0
2538053704 ; 7.56285 ; 3.30742 ; 0 ; 0
2538112704 ; 7.55311 ; 3.30452 ; 0 ; 0
2538188704 ; 7.54703 ; 3.30536 ; 0 ; 0
2538245704 ; 7.53729 ; 3.30399 ; 0 ; 0
2538305704 ; 7.53972 ; 3.30482 ; 0 ; 0
2538364704 ; 7.56042 ; 3.30444 ; 0 ; 0
2538418704 ; 7.55798 ; 3.30414 ; 0 ; 0
2538491704 ; 7.54703 ; 3.30452 ; 0 ; 0
2538545704 ; 7.55433 ; 3.30475 ; 0 ; 0
2538615704 ; 7.55311 ; 3.30406 ; 0 ; 0
2538677704 ; 7.57016 ; 3.30421 ; 0 ; 0
2538731704 ; 7.54459 ; 3.30429 ; 0 ; 0
2538803704 ; 7.54946 ; 3.30444 ; 0 ; 0
2538860704 ; 7.5519 ; 3.30498 ; 0 ; 0
2538924704 ; 7.56285 ; 3.30482 ; 0 ; 0
2538997704 ; 26.4213 ; 3.30536 ; 0 ; 0
2539060704 ; 7.54094 ; 3.30498 ; 0 ; 0
2539122704 ; 7.55555 ; 3.30498 ; 0 ; 0
2539197704 ; 29.079 ; 3.30513 ; 0 ; 0
2539254704 ; 7.53729 ; 3.30505 ; 0 ; 0
2539313704 ; 7.5385 ; 3.30727 ; 0 ; 0
2539391704 ; 7.55555 ; 3.30429 ; 0 ; 0
2539459704 ; 7.5665 ; 3.30544 ; 0 ; 0
2539520704 ; 7.54703 ; 3.30482 ; 0 ; 0
2539588704 ; 17.1893 ; 3.30482 ; 0 ; 0
2539654704 ; 7.54459 ; 3.30498 ; 0 ; 0
2539722704 ; 7.54946 ; 3.30505 ; 0 ; 0
2539790704 ; 7.54459 ; 3.30437 ; 0 ; 0
2539844704 ; 7.54337 ; 3.30475 ; 0 ; 0
2539909704 ; 7.5592 ; 3.3049 ; 0 ; 0
2539983704 ; 7.55433 ; 3.30521 ; 0 ; 0
2540049704 ; 29.2506 ; 3.30566 ; 0 ; 0
2540109704 ; 7.55555 ; 3.30521 ; 0 ; 0
2540172704 ; 7.56529 ; 3.30452 ; 0 ; 0
2540532704 ; 7.55433 ; 3.30513 ; 0 ; 0
2540578704 ; 7.53729 ; 3.30421 ; 0 ; 0
2540616704 ; 7.54216 ; 3.30437 ; 0 ; 0
2540659704 ; 26.1899 ; 3.30498 ; 0 ; 0
2540812704 ; 7.56285 ; 3.30467 ; 0 ; 0
2540856704 ; 7.54094 ; 3.30467 ; 0 ; 0
2540893704 ; 7.56164 ; 3.30429 ; 0 ; 0
2540931704 ; 7.68825 ; 3.30505 ; 0 ; 0
2540976704 ; 7.53972 ; 3.30452 ; 0 ; 0
2541018704 ; 7.53972 ; 3.30627 ; 0 ; 0
2541059704 ; 7.54703 ; 3.30559 ; 0 ; 0
2541329704 ; 29.2896 ; 3.30521 ; 0 ; 0
2541362704 ; 7.61399 ; 3.30482 ; 0 ; 0
2541454704 ; 7.55677 ; 3.30467 ; 0 ; 0
2541516704 ; 28.7856 ; 3.30482 ; 0 ; 0
2541556704 ; 7.5519 ; 3.30414 ; 0 ; 0
2541602704 ; 7.55068 ; 3.30704 ; 0 ; 0
2541643704 ; 7.54337 ; 3.30452 ; 0 ; 0
2541688704 ; 7.53972 ; 3.30421 ; 0 ; 0
2541734704 ; 7.54703 ; 3.30444 ; 0 ; 0
2541782704 ; 9.87724 ; 3.30505 ; 0 ; 0
2541828704 ; 7.54946 ; 3.30437 ; 0 ; 0
2541874704 ; 7.54581 ; 3.3049 ; 0 ; 0
2541917704 ; 7.55433 ; 3.30467 ; 0 ; 0
2541965704 ; 7.54581 ; 3.30475 ; 0 ; 0
2542002704 ; 7.60912 ; 3.30505 ; 0 ; 0
2542043704 ; 7.55311 ; 3.30467 ; 0 ; 0
2542084704 ; 7.55798 ; 3.30414 ; 0 ; 0
2542128704 ; 7.5519 ; 3.3036 ; 0 ; 0
2542178704 ; 29.7181 ; 3.30597 ; 0 ; 0
2542217704 ; 7.54581 ; 3.30421 ; 0 ; 0
2542263704 ; 7.55677 ; 3.30513 ; 0 ; 0
2542314704 ; 7.56164 ; 3.30482 ; 0 ; 0
2542361704 ; 7.55798 ; 3.30437 ; 0 ; 0
2542408704 ; 29.2811 ; 3.30559 ; 0 ; 0
2542454704 ; 7.54459 ; 3.3049 ; 0 ; 0
2542502704 ; 7.54581 ; 3.30452 ; 0 ; 0
2542550704 ; 7.55677 ; 3.30307 ; 0 ; 0
2542599704 ; 28.9877 ; 3.30505 ; 0 ; 0
2542648704 ; 30.0164 ; 3.30559 ; 0 ; 0
2542691704 ; 7.55798 ; 3.30482 ; 0 ; 0
2542733704 ; 7.53972 ; 3.30734 ; 0 ; 0
2542789704 ; 12.104 ; 3.30574 ; 0 ; 0
2542842704 ; 28.8586 ; 3.30505 ; 0 ; 0
2542908704 ; 7.54216 ; 3.30406 ; 0 ; 0
2542966704 ; 7.56164 ; 3.30444 ; 0 ; 0
2543024704 ; 7.53972 ; 3.30444 ; 0 ; 0
2543086704 ; 7.56042 ; 3.30437 ; 0 ; 0
2543154704 ; 7.54581 ; 3.3046 ; 0 ; 0
2543212704 ; 7.56285 ; 3.30406 ; 0 ; 0
2543274704 ; 7.55068 ; 3.30399 ; 0 ; 0
2543338704 ; 7.56529 ; 3.30406 ; 0 ; 0
2543404704 ; 7.55798 ; 3.30452 ; 0 ; 0
2543462704 ; 7.55311 ; 3.30452 ; 0 ; 0
2543518704 ; 7.56285 ; 3.30521 ; 0 ; 0
2543587704 ; 7.5592 ; 3.30406 ; 0 ; 0
2543638704 ; 7.54459 ; 3.30444 ; 0 ; 0
2543709704 ; 7.5872 ; 3.30482 ; 0 ; 0
2543776704 ; 7.54946 ; 3.30406 ; 0 ; 0
2543839704 ; 7.5519 ; 3.30414 ; 0 ; 0
2543906704 ; 7.54216 ; 3.30765 ; 0 ; 0
2543969704 ; 7.5592 ; 3.30475 ; 0 ; 0
2544033704 ; 7.54216 ; 3.3046 ; 0 ; 0
2544105704 ; 7.54824 ; 3.3046 ; 0 ; 0
2544156704 ; 7.54824 ; 3.30406 ; 0 ; 0
2544216704 ; 7.55068 ; 3.30399 ; 0 ; 0
2544294704 ; 7.56285 ; 3.30437 ; 0 ; 0
2544358704 ; 7.56894 ; 3.30498 ; 0 ; 0
2544422704 ; 7.54459 ; 3.30475 ; 0 ; 0
2544484704 ; 7.54459 ; 3.30666 ; 0 ; 0
2544547704 ; 7.53363 ; 3.3075 ; 0 ; 0
2544611704 ; 7.55677 ; 3.30719 ; 0 ; 0
2544671704 ; 7.5592 ; 3.30498 ; 0 ; 0
2544737704 ; 29.6962 ; 3.30605 ; 0 ; 0
2544806704 ; 7.54337 ; 3.30444 ; 0 ; 0
2544869704 ; 7.55677 ; 3.30452 ; 0 ; 0
2544923704 ; 7.5592 ; 3.3046 ; 0 ; 0
2544988704 ; 7.57381 ; 3.30505 ; 0 ; 0
2545054704 ; 7.54216 ; 3.30467 ; 0 ; 0
2545117704 ; 7.54824 ; 3.30414 ; 0 ; 0
2545181704 ; 29.1873 ; 3.3049 ; 0 ; 0
2545236704 ; 7.5592 ; 3.30605 ; 0 ; 0
2545301704 ; 7.57016 ; 3.30452 ; 0 ; 0
2545357704 ; 28.8282 ; 3.30467 ; 0 ; 0
2545416704 ; 7.5665 ; 3.30612 ; 0 ; 0
2545474704 ; 7.53972 ; 3.30421 ; 0 ; 0
2545532704 ; 7.54946 ; 3.30429 ; 0 ; 0
2545598704 ; 29.2701 ; 3.30475 ; 0 ; 0
2545659704 ; 7.55798 ; 3.30475 ; 0 ; 0
2545724704 ; 7.56042 ; 3.30452 ; 0 ; 0
2545799704 ; 29.0035 ; 3.30505 ; 0 ; 0
2545857704 ; 7.56164 ; 3.30513 ; 0 ; 0
2545923704 ; 7.53972 ; 3.3046 ; 0 ; 0
2545985704 ; 7.5665 ; 3.3065 ; 0 ; 0
2546042704 ; 29.0692 ; 3.30711 ; 0 ; 0
2546103704 ; 7.5385 ; 3.30444 ; 0 ; 0
2546156704 ; 7.5592 ; 3.30406 ; 0 ; 0
2546218704 ; 28.9682 ; 3.30467 ; 0 ; 0
2546293704 ; 7.54581 ; 3.30399 ; 0 ; 0
2546350704 ; 7.56772 ; 3.30437 ; 0 ; 0
2546415704 ; 7.54581 ; 3.30658 ; 0 ; 0
2546487704 ; 7.57381 ; 3.30498 ; 0 ; 0
2546544704 ; 7.53363 ; 3.30421 ; 0 ; 0
2546614704 ; 7.55555 ; 3.30719 ; 0 ; 0
2546676704 ; 7.54703 ; 3.30437 ; 0 ; 0
2546732704 ; 7.5592 ; 3.3049 ; 0 ; 0
2546808704 ; 7.55068 ; 3.30437 ; 0 ; 0
2546860704 ; 28.967 ; 3.30528 ; 0 ; 0
2546921704 ; 7.57624 ; 3.30513 ; 0 ; 0
2546979704 ; 7.54946 ; 3.3049 ; 0 ; 0
2547029704 ; 7.54946 ; 3.30376 ; 0 ; 0
2547105704 ; 7.54946 ; 3.3078 ; 0 ; 0
2547174704 ; 7.54581 ; 3.30406 ; 0 ; 0
2547236704 ; 7.54337 ; 3.30452 ; 0 ; 0
2547307704 ; 28.9804 ; 3.30528 ; 0 ; 0
2547373704 ; 7.54216 ; 3.30437 ; 0 ; 0
2547431704 ; 7.53485 ; 3.30505 ; 0 ; 0
2547509704 ; 29.0729 ; 3.30605 ; 0 ; 0
2547575704 ; 7.55311 ; 3.30482 ; 0 ; 0
2547642704 ; 7.55068 ; 3.30482 ; 0 ; 0
2547707704 ; 28.6541 ; 3.30498 ; 0 ; 0
2547761704 ; 7.71017 ; 3.30513 ; 0 ; 0
2547827704 ; 7.5519 ; 3.30414 ; 0 ; 0
2547890704 ; 7.56407 ; 3.3036 ; 0 ; 0
2547948704 ; 29.0242 ; 3.30513 ; 0 ; 0
2548009704 ; 7.55798 ; 3.30513 ; 0 ; 0
2548071704 ; 7.55311 ; 3.30505 ; 0 ; 0
2548130704 ; 27.7373 ; 3.30482 ; 0 ; 0
2548202704 ; 7.5665 ; 3.30482 ; 0 ; 0
2548256704 ; 7.5519 ; 3.3049 ; 0 ; 0
2548316704 ; 7.56164 ; 3.30421 ; 0 ; 0
2548457704 ; 7.54824 ; 3.30482 ; 0 ; 0
2548518704 ; 7.54581 ; 3.30414 ; 0 ; 0
2548584704 ; 7.54946 ; 3.30688 ; 0 ; 0
2548639704 ; 7.55677 ; 3.3049 ; 0 ; 0
2548712704 ; 7.53972 ; 3.30444 ; 0 ; 0
2548766704 ; 27.243 ; 3.30513 ; 0 ; 0
2548822704 ; 7.54946 ; 3.3046 ; 0 ; 0
2548888704 ; 7.55677 ; 3.30452 ; 0 ; 0
2548941704 ; 7.5519 ; 3.30505 ; 0 ; 0
2549000704 ; 29.0936 ; 3.3078 ; 0 ; 0
2549051704 ; 29.3054 ; 3.30627 ; 0 ; 0
2549117704 ; 7.56285 ; 3.30566 ; 0 ; 0
2549177704 ; 7.55068 ; 3.30444 ; 0 ; 0
2549232704 ; 7.55555 ; 3.30444 ; 0 ; 0
2549297704 ; 7.54216 ; 3.3065 ; 0 ; 0
2549350704 ; 7.5519 ; 3.30528 ; 0 ; 0
2549420704 ; 28.7076 ; 3.30475 ; 0 ; 0
2549482704 ; 7.56894 ; 3.30811 ; 0 ; 0
2549540704 ; 7.54459 ; 3.30498 ; 0 ; 0
2549607704 ; 7.55677 ; 3.30444 ; 0 ; 0
2549675704 ; 7.53972 ; 3.30452 ; 0 ; 0
2549730704 ; 7.56164 ; 3.30528 ; 0 ; 0
2549799704 ; 7.55068 ; 3.30452 ; 0 ; 0
2549854704 ; 7.5519 ; 3.30521 ; 0 ; 0
2549917704 ; 7.55555 ; 3.30437 ; 0 ; 0
2549981704 ; 7.55068 ; 3.30498 ; 0 ; 0
2550047704 ; 26.7232 ; 3.30482 ; 0 ; 0
2550111704 ; 7.61764 ; 3.30521 ; 0 ; 0
2550177704 ; 7.5385 ; 3.30437 ; 0 ; 0
2550245704 ; 7.5519 ; 3.30467 ; 0 ; 0
2550309704 ; 28.088 ; 3.30559 ; 0 ; 0
2550374704 ; 7.55798 ; 3.30421 ; 0 ; 0
2550435704 ; 7.55677 ; 3.30444 ; 0 ; 0
2550509704 ; 29.0838 ; 3.30528 ; 0 ; 0
2550578704 ; 7.54337 ; 3.30421 ; 0 ; 0
2550631704 ; 7.54216 ; 3.30475 ; 0 ; 0
2550692704 ; 7.54703 ; 3.30475 ; 0 ; 0
2550746704 ; 7.54459 ; 3.30696 ; 0 ; 0
2550810704 ; 7.5519 ; 3.30482 ; 0 ; 0
2550860704 ; 7.55311 ; 3.30498 ; 0 ; 0
2550919704 ; 29.2738 ; 3.30498 ; 0 ; 0
2550987704 ; 7.56164 ; 3.30444 ; 0 ; 0
2551042704 ; 7.56407 ; 3.30666 ; 0 ; 0
2551109704 ; 7.55555 ; 3.30467 ; 0 ; 0
2551162704 ; 7.56164 ; 3.30429 ; 0 ; 0
2551224704 ; 7.53972 ; 3.30429 ; 0 ; 0
2551292704 ; 7.55555 ; 3.30482 ; 0 ; 0
2551358704 ; 29.3675 ; 3.30528 ; 0 ; 0
2551425704 ; 7.55433 ; 3.30421 ; 0 ; 0
2551497704 ; 7.54337 ; 3.30429 ; 0 ; 0
2551565704 ; 7.5519 ; 3.30421 ; 0 ; 0
2551626704 ; 7.56042 ; 3.30521 ; 0 ; 0
2551686704 ; 7.54703 ; 3.30429 ; 0 ; 0
2551743704 ; 7.55433 ; 3.30444 ; 0 ; 0
2551806704 ; 7.56042 ; 3.30406 ; 0 ; 0
2551864704 ; 7.55433 ; 3.30421 ; 0 ; 0
2551922704 ; 7.56772 ; 3.30452 ; 0 ; 0
2551994704 ; 7.55798 ; 3.3046 ; 0 ; 0
2552058704 ; 7.54703 ; 3.30482 ; 0 ; 0
2552123704 ; 7.5385 ; 3.30673 ; 0 ; 0
2552191704 ; 7.5385 ; 3.30444 ; 0 ; 0
2552257704 ; 7.54094 ; 3.30658 ; 0 ; 0
2552321704 ; 7.53972 ; 3.30482 ; 0 ; 0
2552381704 ; 7.5519 ; 3.30444 ; 0 ; 0
2552435704 ; 7.54946 ; 3.3046 ; 0 ; 0
2552499704 ; 7.54581 ; 3.30467 ; 0 ; 0
2552560704 ; 7.57259 ; 3.30482 ; 0 ; 0
2552624704 ; 7.55555 ; 3.30467 ; 0 ; 0
2552685704 ; 7.54094 ; 3.30444 ; 0 ; 0
2552752704 ; 7.54337 ; 3.30475 ; 0 ; 0
2552822704 ; 7.55311 ; 3.3046 ; 0 ; 0
2552883704 ; 7.54459 ; 3.30421 ; 0 ; 0
2552940704 ; 7.57624 ; 3.30482 ; 0 ; 0
2553006704 ; 7.56407 ; 3.30353 ; 0 ; 0
2553076704 ; 7.5519 ; 3.30467 ; 0 ; 0
2553143704 ; 7.53607 ; 3.3049 ; 0 ; 0
2553203704 ; 7.55555 ; 3.30467 ; 0 ; 0
2553267704 ; 28.9402 ; 3.30521 ; 0 ; 0
2553335704 ; 7.56529 ; 3.30452 ; 0 ; 0
2553399704 ; 7.54703 ; 3.30399 ; 0 ; 0
2553458704 ; 11.2822 ; 3.3046 ; 0 ; 0
2553529704 ; 7.59207 ; 3.30521 ; 0 ; 0
2553598704 ; 7.54703 ; 3.30421 ; 0 ; 0
2553649704 ; 7.55068 ; 3.30307 ; 0 ; 0
2553719704 ; 29.1167 ; 3.30597 ; 0 ; 0
2553779704 ; 7.56042 ; 3.30475 ; 0 ; 0
2553845704 ; 7.55677 ; 3.30414 ; 0 ; 0
2553916704 ; 7.54581 ; 3.3046 ; 0 ; 0
2553979704 ; 7.56285 ; 3.30513 ; 0 ; 0
2554048704 ; 7.5385 ; 3.30399 ; 0 ; 0
2554122704 ; 7.54337 ; 3.30467 ; 0 ; 0
2554192704 ; 7.55555 ; 3.30521 ; 0 ; 0
2554249704 ; 7.55311 ; 3.3046 ; 0 ; 0
2554323704 ; 7.56772 ; 3.30452 ; 0 ; 0
2554383704 ; 7.55068 ; 3.30452 ; 0 ; 0
2554454704 ; 7.54946 ; 3.30482 ; 0 ; 0
2554527704 ; 20.9074 ; 3.30482 ; 0 ; 0
2554586704 ; 7.54703 ; 3.30627 ; 0 ; 0
2554639704 ; 7.55798 ; 3.3049 ; 0 ; 0
2554703704 ; 7.55433 ; 3.30704 ; 0 ; 0
2554757704 ; 29.3261 ; 3.30505 ; 0 ; 0
2554827704 ; 7.55798 ; 3.30482 ; 0 ; 0
2554889704 ; 7.54459 ; 3.30513 ; 0 ; 0
2554964704 ; 7.54581 ; 3.30467 ; 0 ; 0
2555029704 ; 7.56164 ; 3.30521 ; 0 ; 0
2555088704 ; 7.55068 ; 3.3046 ; 0 ; 0
2555144704 ; 7.54216 ; 3.30627 ; 0 ; 0
2555216704 ; 7.54581 ; 3.30643 ; 0 ; 0
2555282704 ; 7.54094 ; 3.30467 ; 0 ; 0
2555339704 ; 7.5385 ; 3.30429 ; 0 ; 0
2555401704 ; 29.3346 ; 3.30498 ; 0 ; 0
2555465704 ; 7.54216 ; 3.30475 ; 0 ; 0
2555525704 ; 7.54946 ; 3.30429 ; 0 ; 0
2555587704 ; 7.54581 ; 3.3046 ; 0 ; 0
2555650704 ; 29.8801 ; 3.30597 ; 0 ; 0
2555712704 ; 7.55068 ; 3.3049 ; 0 ; 0
2555766704 ; 7.54459 ; 3.30437 ; 0 ; 0
2555829704 ; 28.9597 ; 3.30536 ; 0 ; 0
2555898704 ; 7.5592 ; 3.3049 ; 0 ; 0
2555960704 ; 7.55311 ; 3.3046 ; 0 ; 0
2556022704 ; 7.54459 ; 3.3046 ; 0 ; 0
2556093704 ; 7.5385 ; 3.30444 ; 0 ; 0
2556154704 ; 7.56042 ; 3.30421 ; 0 ; 0
2556222704 ; 7.54824 ; 3.30467 ; 0 ; 0
2556290704 ; 14.4184 ; 3.30513 ; 0 ; 0
2556345704 ; 7.53972 ; 3.30414 ; 0 ; 0
2556414704 ; 7.55068 ; 3.3049 ; 0 ; 0
2556470704 ; 29.0351 ; 3.30833 ; 0 ; 0
2556537704 ; 7.56285 ; 3.30452 ; 0 ; 0
2556603704 ; 7.5519 ; 3.30452 ; 0 ; 0
2556655704 ; 7.57259 ; 3.30566 ; 0 ; 0
2556719704 ; 13.4955 ; 3.30521 ; 0 ; 0
2556774704 ; 7.54946 ; 3.30421 ; 0 ; 0
2556833704 ; 7.5385 ; 3.30658 ; 0 ; 0
2556892704 ; 7.55677 ; 3.30452 ; 0 ; 0
2556958704 ; 7.5519 ; 3.30505 ; 0 ; 0
2557022704 ; 7.56285 ; 3.3065 ; 0 ; 0
2557086704 ; 17.4596 ; 3.30467 ; 0 ; 0
2557154704 ; 7.56529 ; 3.30421 ; 0 ; 0
2557223704 ; 7.53972 ; 3.30452 ; 0 ; 0
2557295704 ; 7.54946 ; 3.30475 ; 0 ; 0
2557364704 ; 7.55068 ; 3.30421 ; 0 ; 0
2557436704 ; 7.54337 ; 3.30414 ; 0 ; 0
2557517704 ; 25.2939 ; 3.30498 ; 0 ; 0
2557593704 ; 7.54824 ; 3.30429 ; 0 ; 0
2557657704 ; 7.5519 ; 3.30482 ; 0 ; 0
2557721704 ; 7.54094 ; 3.30444 ; 0 ; 0
2557778704 ; 26.9776 ; 3.3049 ; 0 ; 0
2557838704 ; 7.56164 ; 3.3049 ; 0 ; 0
2557901704 ; 7.55433 ; 3.30475 ; 0 ; 0
2557966704 ; 29.4588 ; 3.30605 ; 0 ; 0
2558027704 ; 7.54703 ; 3.30673 ; 0 ; 0
2558101704 ; 7.55798 ; 3.3046 ; 0 ; 0
2558161704 ; 7.54946 ; 3.30437 ; 0 ; 0
2558233704 ; 7.5592 ; 3.30444 ; 0 ; 0
2558301704 ; 7.5519 ; 3.3046 ; 0 ; 0
2558367704 ; 16.4661 ; 3.30452 ; 0 ; 0
2558435704 ; 7.54216 ; 3.3046 ; 0 ; 0
2558496704 ; 7.55555 ; 3.30444 ; 0 ; 0
2558550704 ; 7.54946 ; 3.3046 ; 0 ; 0
2558623704 ; 7.56164 ; 3.30734 ; 0 ; 0
2558687704 ; 7.55311 ; 3.30406 ; 0 ; 0
2558752704 ; 7.56529 ; 3.3049 ; 0 ; 0
2558821704 ; 29.0242 ; 3.30521 ; 0 ; 0
2558879704 ; 7.57016 ; 3.30498 ; 0 ; 0
2558938704 ; 7.54337 ; 3.3049 ; 0 ; 0
2559022704 ; 7.5665 ; 3.30475 ; 0 ; 0
2559075704 ; 7.55311 ; 3.3046 ; 0 ; 0
2559138704 ; 7.54946 ; 3.30452 ; 0 ; 0
2559210704 ; 7.53972 ; 3.30444 ; 0 ; 0
2559278704 ; 10.1706 ; 3.30513 ; 0 ; 0
2559345704 ; 7.55433 ; 3.30444 ; 0 ; 0
2559420704 ; 7.5519 ; 3.30429 ; 0 ; 0
2559480704 ; 29.1216 ; 3.30566 ; 0 ; 0
2559537704 ; 7.55433 ; 3.30429 ; 0 ; 0
2559616704 ; 7.54824 ; 3.30437 ; 0 ; 0
2559680704 ; 29.7327 ; 3.30612 ; 0 ; 0
2559745704 ; 7.54094 ; 3.30406 ; 0 ; 0
2559811704 ; 7.57259 ; 3.30498 ; 0 ; 0
2559870704 ; 28.7965 ; 3.30559 ; 0 ; 0
2559937704 ; 7.54946 ; 3.30429 ; 0 ; 0
2560008704 ; 7.55433 ; 3.30414 ; 0 ; 0
2560054704 ; 7.56285 ; 3.30597 ; 0 ; 0
2560115704 ; 7.54946 ; 3.3094 ; 0 ; 0
2560181704 ; 7.55433 ; 3.30482 ; 0 ; 0
2560239704 ; 7.55677 ; 3.30429 ; 0 ; 0
2560316704 ; 7.5385 ; 3.30482 ; 0 ; 0
2560375704 ; 7.56529 ; 3.3049 ; 0 ; 0
2560441704 ; 7.55798 ; 3.3046 ; 0 ; 0
2560504704 ; 7.53972 ; 3.30605 ; 0 ; 0
2560572704 ; 7.58477 ; 3.30521 ; 0 ; 0
2560644704 ; 7.54459 ; 3.30429 ; 0 ; 0
2560717704 ; 22.3464 ; 3.3049 ; 0 ; 0
2560782704 ; 7.65538 ; 3.3049 ; 0 ; 0
2560847704 ; 7.54946 ; 3.30414 ; 0 ; 0
2560925704 ; 7.55068 ; 3.30444 ; 0 ; 0
2560993704 ; 7.55677 ; 3.30475 ; 0 ; 0
2561048704 ; 7.55433 ; 3.3046 ; 0 ; 0
2561116704 ; 7.54824 ; 3.3033 ; 0 ; 0
2561178704 ; 29.1252 ; 3.30505 ; 0 ; 0
2561243704 ; 7.54581 ; 3.3046 ; 0 ; 0
2561316704 ; 7.56407 ; 3.30437 ; 0 ; 0
2561382704 ; 7.54824 ; 3.3046 ; 0 ; 0
2561447704 ; 7.55068 ; 3.3046 ; 0 ; 0
2561515704 ; 7.54216 ; 3.30414 ; 0 ; 0
2561587704 ; 29.4393 ; 3.30505 ; 0 ; 0
2561654704 ; 7.54824 ; 3.30498 ; 0 ; 0
2561726704 ; 7.55433 ; 3.30437 ; 0 ; 0
2561781704 ; 7.55311 ; 3.3046 ; 0 ; 0
2561838704 ; 13.3178 ; 3.30513 ; 0 ; 0
2561899704 ; 7.53485 ; 3.30452 ; 0 ; 0
2561952704 ; 7.5519 ; 3.3049 ; 0 ; 0
2562012704 ; 7.56042 ; 3.3046 ; 0 ; 0
2562068704 ; 7.56164 ; 3.30505 ; 0 ; 0
2562129704 ; 7.55798 ; 3.30498 ; 0 ; 0
2562183704 ; 7.55555 ; 3.30467 ; 0 ; 0
2562241704 ; 7.56042 ; 3.30429 ; 0 ; 0
2562305704 ; 7.56042 ; 3.30414 ; 0 ; 0
2562356704 ; 7.54824 ; 3.30635 ; 0 ; 0
2562418704 ; 7.54216 ; 3.30605 ; 0 ; 0
2562477704 ; 7.55555 ; 3.30429 ; 0 ; 0
2562544704 ; 7.5519 ; 3.30399 ; 0 ; 0
2562615704 ; 7.5592 ; 3.30452 ; 0 ; 0
2562677704 ; 29.1764 ; 3.30597 ; 0 ; 0
2562738704 ; 7.54824 ; 3.30421 ; 0 ; 0
2562796704 ; 7.53607 ; 3.30406 ; 0 ; 0
2562850704 ; 10.9973 ; 3.30711 ; 0 ; 0
2562912704 ; 8.11923 ; 3.30734 ; 0 ; 0
2562973704 ; 7.55311 ; 3.30513 ; 0 ; 0
2563033704 ; 7.55555 ; 3.30444 ; 0 ; 0
2563089704 ; 29.1155 ; 3.30582 ; 0 ; 0
2563147704 ; 7.55677 ; 3.30605 ; 0 ; 0
2563209704 ; 7.56042 ; 3.30635 ; 0 ; 0
2563264704 ; 7.56529 ; 3.30658 ; 0 ; 0
2563328704 ; 22.2989 ; 3.30513 ; 0 ; 0
2563384704 ; 7.54094 ; 3.30414 ; 0 ; 0
2563443704 ; 7.54337 ; 3.30635 ; 0 ; 0
2563501704 ; 7.55555 ; 3.30429 ; 0 ; 0
2563552704 ; 8.23002 ; 3.30521 ; 0 ; 0
2563623704 ; 7.5312 ; 3.30688 ; 0 ; 0
2563687704 ; 7.54216 ; 3.30414 ; 0 ; 0
2563743704 ; 7.56164 ; 3.30742 ; 0 ; 0
2563803704 ; 7.53972 ; 3.30406 ; 0 ; 0
2563866704 ; 7.55677 ; 3.30421 ; 0 ; 0
2563935704 ; 7.56164 ; 3.30444 ; 0 ; 0
2563981704 ; 7.68338 ; 3.30521 ; 0 ; 0
2564037704 ; 7.5385 ; 3.3065 ; 0 ; 0
2564104704 ; 7.56894 ; 3.30452 ; 0 ; 0
2564165704 ; 7.56042 ; 3.3046 ; 0 ; 0
2564226704 ; 7.56164 ; 3.30574 ; 0 ; 0
2564297704 ; 7.55798 ; 3.30437 ; 0 ; 0
2564377704 ; 29.2019 ; 3.30544 ; 0 ; 0
2564443704 ; 7.55311 ; 3.30521 ; 0 ; 0
2564513704 ; 7.54581 ; 3.3049 ; 0 ; 0
2564573704 ; 7.55311 ; 3.30452 ; 0 ; 0
2564636704 ; 7.55311 ; 3.30658 ; 0 ; 0
2564696704 ; 7.54337 ; 3.30421 ; 0 ; 0
2564749704 ; 7.54216 ; 3.30536 ; 0 ; 0
2564811704 ; 29.1849 ; 3.30605 ; 0 ; 0
2564875704 ; 7.54581 ; 3.30421 ; 0 ; 0
2564946704 ; 7.53485 ; 3.30406 ; 0 ; 0
2565008704 ; 29.1179 ; 3.30566 ; 0 ; 0
2565062704 ; 7.57259 ; 3.30528 ; 0 ; 0
2565120704 ; 7.54703 ; 3.30482 ; 0 ; 0
2565171704 ; 7.5519 ; 3.30444 ; 0 ; 0
2565237704 ; 29.0851 ; 3.30566 ; 0 ; 0
2565303704 ; 7.53972 ; 3.30437 ; 0 ; 0
2565369704 ; 7.54216 ; 3.30551 ; 0 ; 0
2565439704 ; 29.4759 ; 3.30719 ; 0 ; 0
2565513704 ; 7.55798 ; 3.30475 ; 0 ; 0
2565566704 ; 7.5385 ; 3.30399 ; 0 ; 0
2565639704 ; 28.6468 ; 3.30452 ; 0 ; 0
2565700704 ; 7.5872 ; 3.30505 ; 0 ; 0
2565755704 ; 7.55555 ; 3.30399 ; 0 ; 0
2565829704 ; 7.54703 ; 3.30406 ; 0 ; 0
2565883704 ; 7.56164 ; 3.30429 ; 0 ; 0
2565940704 ; 7.57259 ; 3.3046 ; 0 ; 0
2565993704 ; 7.54459 ; 3.30482 ; 0 ; 0
2566050704 ; 9.22468 ; 3.3046 ; 0 ; 0
2566129704 ; 7.57137 ; 3.30505 ; 0 ; 0
2566185704 ; 7.55555 ; 3.30414 ; 0 ; 0
2566253704 ; 7.56164 ; 3.30551 ; 0 ; 0
2566317704 ; 7.56285 ; 3.30414 ; 0 ; 0
2566371704 ; 7.54946 ; 3.30482 ; 0 ; 0
2566443704 ; 7.54824 ; 3.30582 ; 0 ; 0
2566516704 ; 7.54337 ; 3.30421 ; 0 ; 0
2566586704 ; 7.55068 ; 3.30429 ; 0 ; 0
2566647704 ; 7.54459 ; 3.30399 ; 0 ; 0
2566721704 ; 7.5519 ; 3.30444 ; 0 ; 0
2566787704 ; 7.54094 ; 3.30399 ; 0 ; 0
2566861704 ; 7.54703 ; 3.30498 ; 0 ; 0
2566923704 ; 7.5592 ; 3.30429 ; 0 ; 0
2566989704 ; 7.5665 ; 3.3049 ; 0 ; 0
2567057704 ; 7.5519 ; 3.30475 ; 0 ; 0
2567132704 ; 7.54703 ; 3.3046 ; 0 ; 0
2567187704 ; 7.54946 ; 3.30444 ; 0 ; 0
2567254704 ; 7.54946 ; 3.30475 ; 0 ; 0
2567322704 ; 7.55433 ; 3.30429 ; 0 ; 0
2567374704 ; 7.54824 ; 3.30643 ; 0 ; 0
2567435704 ; 7.54703 ; 3.30597 ; 0 ; 0
2567497704 ; 7.54946 ; 3.30421 ; 0 ; 0
2567556704 ; 28.5372 ; 3.30482 ; 0 ; 0
2567633704 ; 7.56285 ; 3.30421 ; 0 ; 0
2567683704 ; 7.55555 ; 3.3049 ; 0 ; 0
2567751704 ; 7.57137 ; 3.30452 ; 0 ; 0
2567814704 ; 7.56164 ; 3.30421 ; 0 ; 0
2567887704 ; 7.56164 ; 3.3049 ; 0 ; 0
2567945704 ; 7.54824 ; 3.30299 ; 0 ; 0
2568037704 ; 7.58355 ; 3.30498 ; 0 ; 0
2568094704 ; 7.53607 ; 3.30437 ; 0 ; 0
2568154704 ; 7.54337 ; 3.30666 ; 0 ; 0
2568218704 ; 29.3468 ; 3.30521 ; 0 ; 0
2568284704 ; 7.54459 ; 3.30429 ; 0 ; 0
2568354704 ; 7.56042 ; 3.30482 ; 0 ; 0
2568425704 ; 7.54337 ; 3.30475 ; 0 ; 0
2568482704 ; 7.57624 ; 3.30482 ; 0 ; 0
2568542704 ; 7.54824 ; 3.30666 ; 0 ; 0
2568614704 ; 7.54824 ; 3.30482 ; 0 ; 0
2568670704 ; 10.9194 ; 3.30536 ; 0 ; 0
2568744704 ; 7.55311 ; 3.30498 ; 0 ; 0
2568818704 ; 7.54094 ; 3.30467 ; 0 ; 0
2568876704 ; 7.54946 ; 3.30414 ; 0 ; 0
2568939704 ; 7.53607 ; 3.30505 ; 0 ; 0
2568996704 ; 7.5592 ; 3.30437 ; 0 ; 0
2569053704 ; 7.55068 ; 3.30528 ; 0 ; 0
2569111704 ; 7.5799 ; 3.30521 ; 0 ; 0
2569172704 ; 7.54824 ; 3.30627 ; 0 ; 0
2569238704 ; 7.54824 ; 3.30673 ; 0 ; 0
2569297704 ; 7.53972 ; 3.3065 ; 0 ; 0
2569357704 ; 7.54581 ; 3.30437 ; 0 ; 0
2569436704 ; 7.55798 ; 3.30315 ; 0 ; 0
2569488704 ; 29.0132 ; 3.3049 ; 0 ; 0
2569555704 ; 7.5519 ; 3.30429 ; 0 ; 0
2569638704 ; 7.56407 ; 3.30444 ; 0 ; 0
2569696704 ; 29.4247 ; 3.30513 ; 0 ; 0
2569756704 ; 7.56894 ; 3.30658 ; 0 ; 0
2569828704 ; 7.57259 ; 3.30406 ; 0 ; 0
2569889704 ; 7.56894 ; 3.30444 ; 0 ; 0
2569948704 ; 13.2423 ; 3.30521 ; 0 ; 0
2570017704 ; 7.54581 ; 3.30437 ; 0 ; 0
2570069704 ; 7.55068 ; 3.30391 ; 0 ; 0
2570132704 ; 7.54581 ; 3.30452 ; 0 ; 0
2570207704 ; 7.55433 ; 3.30452 ; 0 ; 0
2570259704 ; 7.55677 ; 3.3049 ; 0 ; 0
2570335704 ; 7.5592 ; 3.30444 ; 0 ; 0
2570400704 ; 7.57503 ; 3.30551 ; 0 ; 0
2570456704 ; 7.54703 ; 3.3046 ; 0 ; 0
2570523704 ; 7.55068 ; 3.30658 ; 0 ; 0
2570589704 ; 12.927 ; 3.30521 ; 0 ; 0
2570658704 ; 7.56164 ; 3.30513 ; 0 ; 0
2570738704 ; 7.53972 ; 3.30421 ; 0 ; 0
2570801704 ; 25.0601 ; 3.30605 ; 0 ; 0
2570857704 ; 7.52876 ; 3.3049 ; 0 ; 0
2570933704 ; 7.54824 ; 3.30444 ; 0 ; 0
2570988704 ; 29.6463 ; 3.30605 ; 0 ; 0
2571050704 ; 30.1954 ; 3.30612 ; 0 ; 0
2571115704 ; 7.55798 ; 3.30444 ; 0 ; 0
2571173704 ; 7.5592 ; 3.30429 ; 0 ; 0
2571246704 ; 7.54216 ; 3.30421 ; 0 ; 0
2571318704 ; 7.55068 ; 3.30414 ; 0 ; 0
2571383704 ; 7.54094 ; 3.30421 ; 0 ; 0
2571444704 ; 7.55311 ; 3.30421 ; 0 ; 0
2571504704 ; 7.5519 ; 3.30399 ; 0 ; 0
2571571704 ; 7.53607 ; 3.30444 ; 0 ; 0
2571643704 ; 7.54703 ; 3.30421 ; 0 ; 0
2571702704 ; 7.56164 ; 3.30467 ; 0 ; 0
2571757704 ; 7.5385 ; 3.30429 ; 0 ; 0
2571832704 ; 7.54459 ; 3.30444 ; 0 ; 0
2571889704 ; 7.57137 ; 3.30513 ; 0 ; 0
2571948704 ; 7.56285 ; 3.30421 ; 0 ; 0
2572011704 ; 7.56407 ; 3.30475 ; 0 ; 0
2572064704 ; 7.53242 ; 3.3075 ; 0 ; 0
2572125704 ; 7.55677 ; 3.30444 ; 0 ; 0
2572183704 ; 7.5592 ; 3.30658 ; 0 ; 0
2572248704 ; 28.8209 ; 3.30475 ; 0 ; 0
2572314704 ; 7.55555 ; 3.3046 ; 0 ; 0
2572376704 ; 7.55068 ; 3.30444 ; 0 ; 0
2572446704 ; 7.56164 ; 3.30452 ; 0 ; 0
2572511704 ; 15.217 ; 3.30498 ; 0 ; 0
2572574704 ; 7.55433 ; 3.30467 ; 0 ; 0
2572639704 ; 7.55068 ; 3.30345 ; 0 ; 0
2572697704 ; 29.4856 ; 3.30559 ; 0 ; 0
2572754704 ; 7.55311 ; 3.30437 ; 0 ; 0
2572826704 ; 7.55311 ; 3.30414 ; 0 ; 0
2572888704 ; 28.8562 ; 3.3046 ; 0 ; 0
2572955704 ; 7.53972 ; 3.30429 ; 0 ; 0
2573030704 ; 7.56164 ; 3.3046 ; 0 ; 0
2573091704 ; 7.57503 ; 3.30467 ; 0 ; 0
2573156704 ; 7.54946 ; 3.30437 ; 0 ; 0
2573223704 ; 7.55068 ; 3.30589 ; 0 ; 0
2573278704 ; 7.5385 ; 3.30315 ; 0 ; 0
2573347704 ; 29.1398 ; 3.30551 ; 0 ; 0
2573408704 ; 7.55433 ; 3.30467 ; 0 ; 0
2573463704 ; 7.54946 ; 3.30673 ; 0 ; 0
2573537704 ; 29.3152 ; 3.30498 ; 0 ; 0
2573603704 ; 7.56894 ; 3.30559 ; 0 ; 0
2573658704 ; 7.54337 ; 3.30521 ; 0 ; 0
2573726704 ; 7.54459 ; 3.30421 ; 0 ; 0
2573780704 ; 29.2275 ; 3.30734 ; 0 ; 0
2573848704 ; 7.5592 ; 3.30528 ; 0 ; 0
2573905704 ; 7.5519 ; 3.3046 ; 0 ; 0
2573959704 ; 28.7125 ; 3.3065 ; 0 ; 0
2574027704 ; 7.5592 ; 3.30475 ; 0 ; 0
2574080704 ; 7.54094 ; 3.30498 ; 0 ; 0
2574147704 ; 7.55798 ; 3.30421 ; 0 ; 0
2574204704 ; 7.55798 ; 3.30421 ; 0 ; 0
2574276704 ; 7.54216 ; 3.30429 ; 0 ; 0
2574347704 ; 7.55311 ; 3.30299 ; 0 ; 0
2574416704 ; 7.57503 ; 3.30597 ; 0 ; 0
2574482704 ; 7.54094 ; 3.30482 ; 0 ; 0
2574553704 ; 7.54703 ; 3.30444 ; 0 ; 0
2574620704 ; 29.5988 ; 3.30589 ; 0 ; 0
2574687704 ; 7.5385 ; 3.30414 ; 0 ; 0
2574758704 ; 7.55068 ; 3.3046 ; 0 ; 0
2574819704 ; 29.1861 ; 3.30536 ; 0 ; 0
2574872704 ; 7.58598 ; 3.30482 ; 0 ; 0
2574947704 ; 7.55677 ; 3.30406 ; 0 ; 0
2575004704 ; 7.57381 ; 3.30688 ; 0 ; 0
2575060704 ; 29.1739 ; 3.30559 ; 0 ; 0
2575119704 ; 7.55433 ; 3.30482 ; 0 ; 0
2575184704 ; 7.55798 ; 3.30505 ; 0 ; 0
2575246704 ; 7.55433 ; 3.30452 ; 0 ; 0
2575298704 ; 7.59329 ; 3.30521 ; 0 ; 0
2575358704 ; 7.55677 ; 3.30391 ; 0 ; 0
2575419704 ; 7.54459 ; 3.30521 ; 0 ; 0
2575471704 ; 29.2287 ; 3.30605 ; 0 ; 0
2575535704 ; 7.5665 ; 3.30421 ; 0 ; 0
2575601704 ; 7.54216 ; 3.30444 ; 0 ; 0
2575659704 ; 25.3803 ; 3.30734 ; 0 ; 0
2575726704 ; 7.55433 ; 3.30414 ; 0 ; 0
2575787704 ; 7.53972 ; 3.30414 ; 0 ; 0
2575849704 ; 7.53607 ; 3.3036 ; 0 ; 0
2575909704 ; 29.001 ; 3.30544 ; 0 ; 0
2575961704 ; 7.55433 ; 3.30711 ; 0 ; 0
2576036704 ; 7.55311 ; 3.30437 ; 0 ; 0
2576105704 ; 7.54703 ; 3.30429 ; 0 ; 0
2576163704 ; 7.55311 ; 3.30429 ; 0 ; 0
2576223704 ; 7.5665 ; 3.30643 ; 0 ; 0
2576288704 ; 7.57137 ; 3.30475 ; 0 ; 0
2576354704 ; 7.55433 ; 3.30429 ; 0 ; 0
2576411704 ; 7.56772 ; 3.30475 ; 0 ; 0
2576467704 ; 7.54824 ; 3.30444 ; 0 ; 0
2576539704 ; 29.723 ; 3.3062 ; 0 ; 0
2576601704 ; 7.5665 ; 3.30643 ; 0 ; 0
2576668704 ; 7.5665 ; 3.30414 ; 0 ; 0
2576739704 ; 29.0473 ; 3.3049 ; 0 ; 0
2576795704 ; 7.56285 ; 3.30421 ; 0 ; 0
2576862704 ; 7.55311 ; 3.30498 ; 0 ; 0
2576941704 ; 7.55068 ; 3.30452 ; 0 ; 0
2577014704 ; 7.53729 ; 3.30437 ; 0 ; 0
2577070704 ; 7.55068 ; 3.30467 ; 0 ; 0
2577137704 ; 7.56164 ; 3.30452 ; 0 ; 0
2577204704 ; 7.56164 ; 3.30437 ; 0 ; 0
2577272704 ; 7.53972 ; 3.30482 ; 0 ; 0
2577348704 ; 7.56164 ; 3.30383 ; 0 ; 0
2577417704 ; 10.3849 ; 3.30513 ; 0 ; 0
2577474704 ; 7.53729 ; 3.30399 ; 0 ; 0
2577532704 ; 7.54581 ; 3.30627 ; 0 ; 0
2577603704 ; 7.56164 ; 3.30429 ; 0 ; 0
2577670704 ; 7.54946 ; 3.3049 ; 0 ; 0
2577731704 ; 7.55798 ; 3.30467 ; 0 ; 0
2577786704 ; 11.2834 ; 3.3046 ; 0 ; 0
2577860704 ; 7.57503 ; 3.30551 ; 0 ; 0
2577935704 ; 7.55798 ; 3.30421 ; 0 ; 0
2577987704 ; 7.54581 ; 3.30421 ; 0 ; 0
2578050704 ; 28.9718 ; 3.3075 ; 0 ; 0
2578106704 ; 7.54824 ; 3.30437 ; 0 ; 0
2578168704 ; 7.55433 ; 3.30429 ; 0 ; 0
2578232704 ; 7.56529 ; 3.30437 ; 0 ; 0
2578288704 ; 7.56894 ; 3.30475 ; 0 ; 0
2578466704 ; 7.55311 ; 3.30765 ; 0 ; 0
2578545704 ; 7.53972 ; 3.30414 ; 0 ; 0
2578601704 ; 7.5519 ; 3.3049 ; 0 ; 0
2578664704 ; 7.54946 ; 3.30467 ; 0 ; 0
2578722704 ; 7.55433 ; 3.30536 ; 0 ; 0
2578779704 ; 7.5519 ; 3.30635 ; 0 ; 0
2578850704 ; 7.54094 ; 3.3049 ; 0 ; 0
2578905704 ; 7.55311 ; 3.30673 ; 0 ; 0
2578965704 ; 7.56407 ; 3.30421 ; 0 ; 0
2579026704 ; 7.56407 ; 3.30399 ; 0 ; 0
2579093704 ; 7.56285 ; 3.30437 ; 0 ; 0
2579158704 ; 7.56042 ; 3.30399 ; 0 ; 0
2579216704 ; 7.56529 ; 3.30421 ; 0 ; 0
2579272704 ; 7.55433 ; 3.30536 ; 0 ; 0
2579337704 ; 11.9067 ; 3.30505 ; 0 ; 0
2579402704 ; 7.54946 ; 3.30498 ; 0 ; 0
2579517704 ; 28.9816 ; 3.30513 ; 0 ; 0
2579571704 ; 7.57746 ; 3.30505 ; 0 ; 0
2579649704 ; 7.55555 ; 3.30582 ; 0 ; 0
2579706704 ; 7.5592 ; 3.30444 ; 0 ; 0
2579767704 ; 7.54703 ; 3.30444 ; 0 ; 0
2579833704 ; 7.54094 ; 3.30444 ; 0 ; 0
2579891704 ; 7.56164 ; 3.30482 ; 0 ; 0
2579955704 ; 7.57624 ; 3.30421 ; 0 ; 0
2580008704 ; 7.55798 ; 3.30513 ; 0 ; 0
2580063704 ; 7.54946 ; 3.30513 ; 0 ; 0
2580123704 ; 7.56529 ; 3.30475 ; 0 ; 0
2580171704 ; 29.404 ; 3.30635 ; 0 ; 0
2580248704 ; 7.5519 ; 3.30399 ; 0 ; 0
2580316704 ; 7.54459 ; 3.30421 ; 0 ; 0
2580369704 ; 29.4576 ; 3.30498 ; 0 ; 0
2580432704 ; 7.57259 ; 3.30528 ; 0 ; 0
2580499704 ; 7.55433 ; 3.30399 ; 0 ; 0
2580568704 ; 28.1257 ; 3.30467 ; 0 ; 0
2580647704 ; 7.55433 ; 3.30444 ; 0 ; 0
2580712704 ; 7.5665 ; 3.30437 ; 0 ; 0
2580780704 ; 18.6308 ; 3.30414 ; 0 ; 0
2580852704 ; 29.5002 ; 3.30643 ; 0 ; 0
2580907704 ; 7.5592 ; 3.30414 ; 0 ; 0
2580966704 ; 7.55555 ; 3.3033 ; 0 ; 0
2581041704 ; 29.079 ; 3.30544 ; 0 ; 0
2581107704 ; 7.53729 ; 3.30429 ; 0 ; 0
2581175704 ; 7.55555 ; 3.30452 ; 0 ; 0
2581232704 ; 7.55555 ; 3.30429 ; 0 ; 0
2581284704 ; 7.54824 ; 3.30414 ; 0 ; 0
2581347704 ; 7.55068 ; 3.30658 ; 0 ; 0
2581416704 ; 18.9059 ; 3.3046 ; 0 ; 0
2581471704 ; 26.9484 ; 3.30711 ; 0 ; 0
2581548704 ; 7.54216 ; 3.30536 ; 0 ; 0
2581618704 ; 7.55433 ; 3.30437 ; 0 ; 0
2581673704 ; 7.56529 ; 3.30421 ; 0 ; 0
2581740704 ; 7.55798 ; 3.30482 ; 0 ; 0
2581797704 ; 7.56042 ; 3.30597 ; 0 ; 0
2581867704 ; 29.0899 ; 3.30574 ; 0 ; 0
2581936704 ; 7.55677 ; 3.30444 ; 0 ; 0
2581995704 ; 7.54946 ; 3.30406 ; 0 ; 0
2582063704 ; 7.55555 ; 3.3049 ; 0 ; 0
2582120704 ; 7.72599 ; 3.30727 ; 0 ; 0
2582183704 ; 7.54459 ; 3.30505 ; 0 ; 0
2582246704 ; 7.5385 ; 3.30315 ; 0 ; 0
2582300704 ; 29.4515 ; 3.30597 ; 0 ; 0
2582364704 ; 7.56164 ; 3.30414 ; 0 ; 0
2582424704 ; 7.54946 ; 3.30658 ; 0 ; 0
2582480704 ; 7.55677 ; 3.30513 ; 0 ; 0
2582546704 ; 7.54337 ; 3.30467 ; 0 ; 0
2582606704 ; 7.54216 ; 3.30475 ; 0 ; 0
2582674704 ; 7.56407 ; 3.30452 ; 0 ; 0
2582746704 ; 7.5519 ; 3.3046 ; 0 ; 0
2582817704 ; 7.55433 ; 3.30414 ; 0 ; 0
2582878704 ; 7.55555 ; 3.30421 ; 0 ; 0
2582946704 ; 7.54337 ; 3.3075 ; 0 ; 0
2583000704 ; 7.5592 ; 3.30528 ; 0 ; 0
2583073704 ; 7.55068 ; 3.30574 ; 0 ; 0
2583137704 ; 28.7868 ; 3.30498 ; 0 ; 0
2583192704 ; 7.61155 ; 3.30521 ; 0 ; 0
2583258704 ; 7.54337 ; 3.30719 ; 0 ; 0
2583310704 ; 7.55677 ; 3.30437 ; 0 ; 0
2583367704 ; 29.7547 ; 3.30658 ; 0 ; 0
2583429704 ; 7.56407 ; 3.30482 ; 0 ; 0
2583493704 ; 7.56529 ; 3.30475 ; 0 ; 0
2583558704 ; 28.76 ; 3.3049 ; 0 ; 0
2583623704 ; 7.56529 ; 3.3049 ; 0 ; 0
2583685704 ; 7.55433 ; 3.3046 ; 0 ; 0
2583756704 ; 7.56164 ; 3.3046 ; 0 ; 0
2583805704 ; 7.57016 ; 3.30658 ; 0 ; 0
2583868704 ; 7.54824 ; 3.30452 ; 0 ; 0
2583931704 ; 7.56042 ; 3.30475 ; 0 ; 0
2583986704 ; 7.5519 ; 3.30757 ; 0 ; 0
2584059704 ; 7.56164 ; 3.30544 ; 0 ; 0
2584124704 ; 7.56407 ; 3.30505 ; 0 ; 0
2584193704 ; 7.52633 ; 3.30467 ; 0 ; 0
2584265704 ; 7.5592 ; 3.30475 ; 0 ; 0
2584329704 ; 7.54337 ; 3.30429 ; 0 ; 0
2584385704 ; 7.54459 ; 3.3046 ; 0 ; 0
2584453704 ; 7.56042 ; 3.30513 ; 0 ; 0
2584511704 ; 7.5385 ; 3.30467 ; 0 ; 0
2584570704 ; 7.5519 ; 3.30482 ; 0 ; 0
2584636704 ; 7.54703 ; 3.30704 ; 0 ; 0
2584691704 ; 7.58355 ; 3.30513 ; 0 ; 0
2584758704 ; 7.54216 ; 3.30414 ; 0 ; 0
2584820704 ; 7.5592 ; 3.30421 ; 0 ; 0
2584886704 ; 7.53972 ; 3.3046 ; 0 ; 0
2584952704 ; 7.56407 ; 3.30673 ; 0 ; 0
2585056704 ; 7.54337 ; 3.30536 ; 0 ; 0
2585123704 ; 7.56407 ; 3.30513 ; 0 ; 0
2585192704 ; 7.54216 ; 3.30513 ; 0 ; 0
2585261704 ; 12.6896 ; 3.30505 ; 0 ; 0
2585330704 ; 7.57746 ; 3.30498 ; 0 ; 0
2585395704 ; 7.53972 ; 3.30444 ; 0 ; 0
2585462704 ; 7.56529 ; 3.30482 ; 0 ; 0
2585530704 ; 9.21859 ; 3.30521 ; 0 ; 0
2585593704 ; 7.56164 ; 3.30688 ; 0 ; 0
2585656704 ; 7.54824 ; 3.30399 ; 0 ; 0
2585706704 ; 7.54946 ; 3.30444 ; 0 ; 0
2585778704 ; 7.55677 ; 3.30406 ; 0 ; 0
2585837704 ; 7.54459 ; 3.30383 ; 0 ; 0
2585894704 ; 7.54459 ; 3.3046 ; 0 ; 0
2585962704 ; 7.90739 ; 3.30544 ; 0 ; 0
2586015704 ; 7.54459 ; 3.30437 ; 0 ; 0
2586077704 ; 7.54946 ; 3.30429 ; 0 ; 0
2586147704 ; 29.2579 ; 3.30582 ; 0 ; 0
2586276704 ; 7.56164 ; 3.3046 ; 0 ; 0
2586335704 ; 7.52755 ; 3.30681 ; 0 ; 0
2586391704 ; 7.65538 ; 3.30719 ; 0 ; 0
2586459704 ; 7.54459 ; 3.30475 ; 0 ; 0
2586520704 ; 7.55433 ; 3.30414 ; 0 ; 0
2586586704 ; 7.54216 ; 3.3046 ; 0 ; 0
2586642704 ; 7.53729 ; 3.30521 ; 0 ; 0
2586705704 ; 7.55677 ; 3.3046 ; 0 ; 0
2586775704 ; 7.5519 ; 3.3046 ; 0 ; 0
2586838704 ; 7.57016 ; 3.30521 ; 0 ; 0
2586897704 ; 7.55068 ; 3.30429 ; 0 ; 0
2586960704 ; 7.53485 ; 3.30597 ; 0 ; 0
2587018704 ; 21.6147 ; 3.30528 ; 0 ; 0
2587079704 ; 7.55798 ; 3.30482 ; 0 ; 0
2587147704 ; 7.54703 ; 3.30429 ; 0 ; 0
2587196704 ; 7.54946 ; 3.30444 ; 0 ; 0
2587262704 ; 7.56529 ; 3.30528 ; 0 ; 0
2587328704 ; 7.5519 ; 3.30498 ; 0 ; 0
2587381704 ; 7.54824 ; 3.30475 ; 0 ; 0
2587444704 ; 7.56042 ; 3.30444 ; 0 ; 0
2587505704 ; 7.54824 ; 3.30467 ; 0 ; 0
2587566704 ; 7.54824 ; 3.30414 ; 0 ; 0
2587641704 ; 29.5477 ; 3.30673 ; 0 ; 0
2587693704 ; 7.56164 ; 3.30437 ; 0 ; 0
2587760704 ; 7.53363 ; 3.30482 ; 0 ; 0
2587809704 ; 7.56042 ; 3.30475 ; 0 ; 0
2587863704 ; 7.54946 ; 3.3049 ; 0 ; 0
2587914704 ; 7.56164 ; 3.3046 ; 0 ; 0
2587975704 ; 7.54459 ; 3.30444 ; 0 ; 0
2588044704 ; 7.55555 ; 3.3049 ; 0 ; 0
2588107704 ; 7.55311 ; 3.30475 ; 0 ; 0
2588162704 ; 7.53972 ; 3.30635 ; 0 ; 0
2588216704 ; 7.56285 ; 3.30353 ; 0 ; 0
2588274704 ; 7.54946 ; 3.30467 ; 0 ; 0
2588341704 ; 7.56285 ; 3.3049 ; 0 ; 0
2588391704 ; 7.55068 ; 3.30605 ; 0 ; 0
2588455704 ; 7.56529 ; 3.30666 ; 0 ; 0
2588508704 ; 29.1557 ; 3.30544 ; 0 ; 0
2588575704 ; 7.55677 ; 3.30421 ; 0 ; 0
2588646704 ; 7.54459 ; 3.3033 ; 0 ; 0
2588699704 ; 29.1033 ; 3.30597 ; 0 ; 0
2588764704 ; 7.55555 ; 3.30444 ; 0 ; 0
2588820704 ; 7.56042 ; 3.30475 ; 0 ; 0
2588881704 ; 7.56042 ; 3.30467 ; 0 ; 0
2588950704 ; 7.69921 ; 3.30528 ; 0 ; 0
2589015704 ; 7.5592 ; 3.30444 ; 0 ; 0
2589104704 ; 7.54581 ; 3.30452 ; 0 ; 0
2589147704 ; 7.56529 ; 3.3046 ; 0 ; 0
2589189704 ; 7.54216 ; 3.30513 ; 0 ; 0
2589240704 ; 7.55555 ; 3.3046 ; 0 ; 0
2589282704 ; 7.54459 ; 3.3046 ; 0 ; 0
2589328704 ; 28.7758 ; 3.30498 ; 0 ; 0
2589372704 ; 15.2657 ; 3.30521 ; 0 ; 0
2589415704 ; 7.55798 ; 3.3046 ; 0 ; 0
2589458704 ; 7.55677 ; 3.30658 ; 0 ; 0
2589501704 ; 7.55068 ; 3.30467 ; 0 ; 0
2589543704 ; 7.54703 ; 3.30437 ; 0 ; 0
2589584704 ; 7.55068 ; 3.30467 ; 0 ; 0
2589624704 ; 7.54703 ; 3.30421 ; 0 ; 0
2589666704 ; 7.55433 ; 3.30437 ; 0 ; 0
2589707704 ; 7.55068 ; 3.30429 ; 0 ; 0
2589751704 ; 28.8367 ; 3.30681 ; 0 ; 0
2589792704 ; 29.2165 ; 3.30551 ; 0 ; 0
2589834704 ; 7.55677 ; 3.30452 ; 0 ; 0
2589873704 ; 7.56042 ; 3.30582 ; 0 ; 0
2589916704 ; 7.56529 ; 3.30399 ; 0 ; 0
2589958704 ; 26.5065 ; 3.30513 ; 0 ; 0
2590000704 ; 29.096 ; 3.30757 ; 0 ; 0
2590042704 ; 7.56529 ; 3.30696 ; 0 ; 0
2590087704 ; 7.55068 ; 3.30414 ; 0 ; 0
2590130704 ; 7.55433 ; 3.3049 ; 0 ; 0
2590174704 ; 7.53607 ; 3.30475 ; 0 ; 0
2590215704 ; 7.56285 ; 3.30444 ; 0 ; 0
2590256704 ; 7.54459 ; 3.30719 ; 0 ; 0
2590304704 ; 7.5519 ; 3.30437 ; 0 ; 0
2590353704 ; 7.55311 ; 3.30521 ; 0 ; 0
2590401704 ; 29.3298 ; 3.30528 ; 0 ; 0
2590451704 ; 29.0851 ; 3.30582 ; 0 ; 0
2590499704 ; 7.5519 ; 3.30505 ; 0 ; 0
2590540704 ; 7.55677 ; 3.30498 ; 0 ; 0
2590581704 ; 7.54824 ; 3.30475 ; 0 ; 0
2590630704 ; 29.2945 ; 3.30528 ; 0 ; 0
2590676704 ; 7.55677 ; 3.30452 ; 0 ; 0
2590718704 ; 7.55068 ; 3.30429 ; 0 ; 0
2590760704 ; 7.53729 ; 3.30482 ; 0 ; 0
2590802704 ; 7.54094 ; 3.30444 ; 0 ; 0
2590847704 ; 7.55555 ; 3.30421 ; 0 ; 0
2590887704 ; 7.54459 ; 3.30452 ; 0 ; 0
2590929704 ; 7.54459 ; 3.30498 ; 0 ; 0
2590976704 ; 7.55798 ; 3.30406 ; 0 ; 0
2591024704 ; 7.56894 ; 3.30589 ; 0 ; 0
2591071704 ; 29.2713 ; 3.30536 ; 0 ; 0
2591111704 ; 7.55798 ; 3.30536 ; 0 ; 0
2591160704 ; 7.54581 ; 3.3046 ; 0 ; 0
2591207704 ; 7.55555 ; 3.30322 ; 0 ; 0
2591255704 ; 7.55677 ; 3.30551 ; 0 ; 0
2591302704 ; 7.59451 ; 3.30757 ; 0 ; 0
2591345704 ; 7.54337 ; 3.30452 ; 0 ; 0
2591388704 ; 7.55798 ; 3.30673 ; 0 ; 0
2591430704 ; 7.55068 ; 3.30444 ; 0 ; 0
2591474704 ; 7.57137 ; 3.30452 ; 0 ; 0
2591525704 ; 7.54581 ; 3.30467 ; 0 ; 0
2591567704 ; 7.5519 ; 3.30696 ; 0 ; 0
2591617704 ; 7.53972 ; 3.30444 ; 0 ; 0
2591666704 ; 7.55068 ; 3.30467 ; 0 ; 0
2591716704 ; 7.54703 ; 3.30437 ; 0 ; 0
2591765704 ; 7.53972 ; 3.30414 ; 0 ; 0
2591817704 ; 7.55311 ; 3.30452 ; 0 ; 0
2591860704 ; 7.56164 ; 3.30688 ; 0 ; 0
2591900704 ; 29.0838 ; 3.30658 ; 0 ; 0
2591940704 ; 7.60059 ; 3.30711 ; 0 ; 0
2591980704 ; 7.56285 ; 3.30467 ; 0 ; 0
2592023704 ; 7.54946 ; 3.30521 ; 0 ; 0
2592062704 ; 7.56164 ; 3.3046 ; 0 ; 0
2592104704 ; 7.54581 ; 3.30437 ; 0 ; 0
2592153704 ; 7.55311 ; 3.30414 ; 0 ; 0
2592200704 ; 7.54216 ; 3.30482 ; 0 ; 0
2592251704 ; 7.5592 ; 3.30589 ; 0 ; 0
2592300704 ; 8.23367 ; 3.30559 ; 0 ; 0
2592342704 ; 29.0838 ; 3.30559 ; 0 ; 0
2592386704 ; 7.56285 ; 3.30627 ; 0 ; 0
2592426704 ; 7.54459 ; 3.30421 ; 0 ; 0
2592473704 ; 7.55433 ; 3.30452 ; 0 ; 0
2592514704 ; 7.57381 ; 3.30719 ; 0 ; 0
2592566704 ; 7.5519 ; 3.30437 ; 0 ; 0
2592609704 ; 7.57016 ; 3.30528 ; 0 ; 0
2592658704 ; 7.54946 ; 3.30513 ; 0 ; 0
2592705704 ; 7.55433 ; 3.30467 ; 0 ; 0
2592746704 ; 7.55068 ; 3.30421 ; 0 ; 0
2592787704 ; 7.56042 ; 3.30414 ; 0 ; 0
2592840704 ; 7.54824 ; 3.30505 ; 0 ; 0
2592891704 ; 7.55068 ; 3.30505 ; 0 ; 0
2592933704 ; 7.55798 ; 3.3046 ; 0 ; 0
2592984704 ; 7.5592 ; 3.30414 ; 0 ; 0
2593033704 ; 7.55311 ; 3.30467 ; 0 ; 0
2593084704 ; 7.54459 ; 3.30414 ; 0 ; 0
2593126704 ; 7.55433 ; 3.3036 ; 0 ; 0
2593166704 ; 7.55677 ; 3.30475 ; 0 ; 0
2593211704 ; 19.9675 ; 3.30765 ; 0 ; 0
2593254704 ; 7.55311 ; 3.30536 ; 0 ; 0
2593304704 ; 7.56285 ; 3.30498 ; 0 ; 0
2593347704 ; 7.5519 ; 3.30399 ; 0 ; 0
2593389704 ; 29.2409 ; 3.30521 ; 0 ; 0
2593438704 ; 7.58477 ; 3.30551 ; 0 ; 0
2593481704 ; 7.54946 ; 3.30521 ; 0 ; 0
2593522704 ; 7.55677 ; 3.30681 ; 0 ; 0
2593566704 ; 7.55555 ; 3.30467 ; 0 ; 0
2593605704 ; 7.56285 ; 3.30452 ; 0 ; 0
2593647704 ; 7.55433 ; 3.30437 ; 0 ; 0
2593689704 ; 7.54094 ; 3.30521 ; 0 ; 0
2593730704 ; 7.53607 ; 3.3049 ; 0 ; 0
2593783704 ; 7.54946 ; 3.3046 ; 0 ; 0
2593827704 ; 29.4065 ; 3.30597 ; 0 ; 0
2593877704 ; 7.55677 ; 3.30437 ; 0 ; 0
2593923704 ; 7.54581 ; 3.30475 ; 0 ; 0
2593972704 ; 7.54337 ; 3.30521 ; 0 ; 0
2594016704 ; 28.8075 ; 3.3049 ; 0 ; 0
2594059704 ; 28.7685 ; 3.30566 ; 0 ; 0
2594101704 ; 7.57259 ; 3.30505 ; 0 ; 0
2594143704 ; 7.54946 ; 3.30666 ; 0 ; 0
2594189704 ; 7.5592 ; 3.30399 ; 0 ; 0
2594281704 ; 12.6543 ; 3.30528 ; 0 ; 0
2594340704 ; 7.55555 ; 3.30505 ; 0 ; 0
