#Time (us) ; Current (mA) ; Voltage (V) ; PC ; IRQ 
861989520 ; 7.21167 ; 3.30544 ; 0 ; 0
862048520 ; 7.21775 ; 3.30406 ; 0 ; 0
862091520 ; 7.22262 ; 3.30391 ; 0 ; 0
862143520 ; 7.20558 ; 3.30315 ; 0 ; 0
862190520 ; 7.2141 ; 3.30399 ; 0 ; 0
862244520 ; 7.20923 ; 3.30429 ; 0 ; 0
862290520 ; 7.21532 ; 3.30559 ; 0 ; 0
862340520 ; 7.22141 ; 3.3033 ; 0 ; 0
862383520 ; 7.22141 ; 3.30345 ; 0 ; 0
862440520 ; 7.22019 ; 3.30528 ; 0 ; 0
862488520 ; 7.22262 ; 3.30429 ; 0 ; 0
862548520 ; 7.2141 ; 3.30376 ; 0 ; 0
862601520 ; 7.2068 ; 3.30338 ; 0 ; 0
862653520 ; 7.21288 ; 3.30414 ; 0 ; 0
862708520 ; 7.20436 ; 3.30406 ; 0 ; 0
862755520 ; 7.22628 ; 3.30498 ; 0 ; 0
862814520 ; 7.21897 ; 3.30414 ; 0 ; 0
862860520 ; 7.21654 ; 3.30376 ; 0 ; 0
862922520 ; 7.21532 ; 3.30368 ; 0 ; 0
862964520 ; 7.21532 ; 3.30399 ; 0 ; 0
863017520 ; 7.22749 ; 3.30368 ; 0 ; 0
863061520 ; 7.21775 ; 3.30551 ; 0 ; 0
863114520 ; 7.21532 ; 3.30444 ; 0 ; 0
863160520 ; 7.20436 ; 3.30368 ; 0 ; 0
863216520 ; 7.20558 ; 3.30406 ; 0 ; 0
863261520 ; 7.20558 ; 3.30391 ; 0 ; 0
863316520 ; 7.21167 ; 3.30482 ; 0 ; 0
863359520 ; 7.22019 ; 3.30605 ; 0 ; 0
863414520 ; 7.21897 ; 3.30414 ; 0 ; 0
863469520 ; 7.21775 ; 3.30406 ; 0 ; 0
863532520 ; 7.22019 ; 3.30399 ; 0 ; 0
863576520 ; 7.22628 ; 3.30566 ; 0 ; 0
863631520 ; 7.21897 ; 3.30421 ; 0 ; 0
863673520 ; 7.21897 ; 3.30574 ; 0 ; 0
863740520 ; 7.21897 ; 3.30345 ; 0 ; 0
863781520 ; 7.22871 ; 3.30566 ; 0 ; 0
863846520 ; 7.24454 ; 3.30482 ; 0 ; 0
863906520 ; 7.21532 ; 3.30406 ; 0 ; 0
863953520 ; 7.23358 ; 3.30605 ; 0 ; 0
864008520 ; 7.21532 ; 3.30444 ; 0 ; 0
864056520 ; 7.2141 ; 3.30597 ; 0 ; 0
864108520 ; 7.21288 ; 3.30498 ; 0 ; 0
864154520 ; 7.20801 ; 3.30818 ; 0 ; 0
864205520 ; 7.22628 ; 3.30429 ; 0 ; 0
864253520 ; 7.22141 ; 3.30429 ; 0 ; 0
864304520 ; 7.22749 ; 3.30414 ; 0 ; 0
864355520 ; 7.21897 ; 3.30612 ; 0 ; 0
864410520 ; 7.23115 ; 3.30658 ; 0 ; 0
864458520 ; 7.21532 ; 3.3046 ; 0 ; 0
864527520 ; 7.22506 ; 3.30452 ; 0 ; 0
864579520 ; 7.20923 ; 3.30559 ; 0 ; 0
864636520 ; 7.22628 ; 3.30399 ; 0 ; 0
864680520 ; 7.21045 ; 3.30399 ; 0 ; 0
864736520 ; 7.21775 ; 3.30421 ; 0 ; 0
864785520 ; 7.21897 ; 3.30444 ; 0 ; 0
864837520 ; 7.22506 ; 3.30704 ; 0 ; 0
864882520 ; 7.21288 ; 3.30444 ; 0 ; 0
864940520 ; 7.22384 ; 3.30391 ; 0 ; 0
864985520 ; 7.21532 ; 3.30437 ; 0 ; 0
865038520 ; 7.22384 ; 3.30414 ; 0 ; 0
865083520 ; 7.21167 ; 3.30437 ; 0 ; 0
865135520 ; 7.21775 ; 3.30414 ; 0 ; 0
865181520 ; 7.20801 ; 3.30444 ; 0 ; 0
865238520 ; 7.21897 ; 3.30429 ; 0 ; 0
865282520 ; 7.22262 ; 3.30391 ; 0 ; 0
865337520 ; 7.21167 ; 3.30597 ; 0 ; 0
865396520 ; 7.22871 ; 3.30444 ; 0 ; 0
865448520 ; 7.22628 ; 3.30452 ; 0 ; 0
865506520 ; 7.23723 ; 3.30643 ; 0 ; 0
865557520 ; 7.23723 ; 3.30666 ; 0 ; 0
865604520 ; 7.22141 ; 3.30452 ; 0 ; 0
865655520 ; 7.21532 ; 3.30605 ; 0 ; 0
865712520 ; 7.22262 ; 3.30635 ; 0 ; 0
865760520 ; 7.22262 ; 3.3046 ; 0 ; 0
865812520 ; 7.22628 ; 3.30452 ; 0 ; 0
865860520 ; 7.21897 ; 3.30429 ; 0 ; 0
865911520 ; 7.20436 ; 3.30597 ; 0 ; 0
865962520 ; 7.21288 ; 3.30635 ; 0 ; 0
866019520 ; 7.22384 ; 3.30605 ; 0 ; 0
866068520 ; 7.22141 ; 3.30627 ; 0 ; 0
866124520 ; 7.21775 ; 3.3046 ; 0 ; 0
866169520 ; 7.21288 ; 3.30727 ; 0 ; 0
866230520 ; 7.23115 ; 3.30482 ; 0 ; 0
866273520 ; 7.23236 ; 3.30574 ; 0 ; 0
866336520 ; 7.22871 ; 3.30414 ; 0 ; 0
866380520 ; 7.22628 ; 3.30429 ; 0 ; 0
866433520 ; 7.22141 ; 3.30544 ; 0 ; 0
866482520 ; 7.22262 ; 3.30452 ; 0 ; 0
866549520 ; 32.6589 ; 3.30688 ; 0 ; 0
866594520 ; 7.2068 ; 3.30437 ; 0 ; 0
866646520 ; 7.2141 ; 3.30444 ; 0 ; 0
866691520 ; 7.21654 ; 3.3046 ; 0 ; 0
866743520 ; 7.22993 ; 3.3049 ; 0 ; 0
866797520 ; 7.22871 ; 3.30482 ; 0 ; 0
866848520 ; 7.22019 ; 3.30444 ; 0 ; 0
866893520 ; 7.21532 ; 3.30605 ; 0 ; 0
866949520 ; 29.1709 ; 3.3065 ; 0 ; 0
866996520 ; 7.22628 ; 3.30421 ; 0 ; 0
867050520 ; 7.21532 ; 3.30429 ; 0 ; 0
867097520 ; 7.21167 ; 3.30582 ; 0 ; 0
867145520 ; 7.21897 ; 3.3049 ; 0 ; 0
867191520 ; 7.22628 ; 3.3062 ; 0 ; 0
867245520 ; 7.22749 ; 3.3046 ; 0 ; 0
867293520 ; 7.23358 ; 3.30414 ; 0 ; 0
867345520 ; 7.22506 ; 3.3049 ; 0 ; 0
867389520 ; 7.22262 ; 3.30444 ; 0 ; 0
867449520 ; 7.2141 ; 3.30406 ; 0 ; 0
867507520 ; 7.20923 ; 3.3065 ; 0 ; 0
867556520 ; 7.23115 ; 3.30612 ; 0 ; 0
867609520 ; 7.23358 ; 3.30406 ; 0 ; 0
867658520 ; 7.21532 ; 3.30475 ; 0 ; 0
867708520 ; 7.2348 ; 3.30452 ; 0 ; 0
867759520 ; 7.22993 ; 3.30505 ; 0 ; 0
867819520 ; 7.21288 ; 3.30467 ; 0 ; 0
867865520 ; 7.21775 ; 3.30498 ; 0 ; 0
867920520 ; 7.20436 ; 3.30429 ; 0 ; 0
867964520 ; 7.22262 ; 3.30696 ; 0 ; 0
868017520 ; 7.19949 ; 3.30467 ; 0 ; 0
868063520 ; 7.22384 ; 3.30421 ; 0 ; 0
868121520 ; 7.20801 ; 3.3049 ; 0 ; 0
868168520 ; 7.21167 ; 3.30444 ; 0 ; 0
868244520 ; 7.20923 ; 3.3046 ; 0 ; 0
868292520 ; 7.21532 ; 3.30566 ; 0 ; 0
868348520 ; 28.7521 ; 3.30475 ; 0 ; 0
868393520 ; 7.20558 ; 3.30627 ; 0 ; 0
868448520 ; 7.21045 ; 3.30406 ; 0 ; 0
868501520 ; 7.21897 ; 3.30429 ; 0 ; 0
868552520 ; 7.23236 ; 3.30658 ; 0 ; 0
868599520 ; 7.21045 ; 3.30605 ; 0 ; 0
868652520 ; 7.21654 ; 3.30376 ; 0 ; 0
868696520 ; 7.21897 ; 3.3062 ; 0 ; 0
868748520 ; 7.22749 ; 3.30338 ; 0 ; 0
868799520 ; 7.20314 ; 3.30467 ; 0 ; 0
868849520 ; 7.21532 ; 3.30551 ; 0 ; 0
868895520 ; 7.20801 ; 3.30528 ; 0 ; 0
868957520 ; 7.24089 ; 3.30536 ; 0 ; 0
869012520 ; 7.22506 ; 3.30421 ; 0 ; 0
869062520 ; 7.20923 ; 3.30475 ; 0 ; 0
869113520 ; 7.20801 ; 3.30414 ; 0 ; 0
869162520 ; 7.21532 ; 3.30696 ; 0 ; 0
869218520 ; 7.22384 ; 3.30467 ; 0 ; 0
869265520 ; 7.22262 ; 3.30597 ; 0 ; 0
869315520 ; 7.20923 ; 3.30872 ; 0 ; 0
869363520 ; 7.22628 ; 3.30566 ; 0 ; 0
869415520 ; 7.21532 ; 3.30482 ; 0 ; 0
869461520 ; 7.21897 ; 3.30475 ; 0 ; 0
869517520 ; 7.21654 ; 3.30475 ; 0 ; 0
869567520 ; 7.24454 ; 3.30482 ; 0 ; 0
869625520 ; 7.23236 ; 3.30612 ; 0 ; 0
869669520 ; 7.20314 ; 3.30589 ; 0 ; 0
869726520 ; 7.21532 ; 3.30444 ; 0 ; 0
869769520 ; 7.20923 ; 3.30399 ; 0 ; 0
869826520 ; 7.21897 ; 3.30399 ; 0 ; 0
869871520 ; 7.22019 ; 3.30444 ; 0 ; 0
869937520 ; 7.22019 ; 3.30414 ; 0 ; 0
869981520 ; 7.20314 ; 3.30711 ; 0 ; 0
870037520 ; 7.21167 ; 3.30467 ; 0 ; 0
870081520 ; 7.20071 ; 3.30429 ; 0 ; 0
870133520 ; 7.21532 ; 3.30437 ; 0 ; 0
870180520 ; 7.22749 ; 3.3046 ; 0 ; 0
870238520 ; 7.23115 ; 3.30505 ; 0 ; 0
870282520 ; 7.21775 ; 3.30643 ; 0 ; 0
870336520 ; 7.22749 ; 3.3046 ; 0 ; 0
870381520 ; 7.21045 ; 3.30612 ; 0 ; 0
870433520 ; 7.21897 ; 3.30627 ; 0 ; 0
870482520 ; 7.21288 ; 3.30536 ; 0 ; 0
870548520 ; 29.6007 ; 3.30574 ; 0 ; 0
870606520 ; 7.21532 ; 3.30383 ; 0 ; 0
870662520 ; 7.22506 ; 3.3046 ; 0 ; 0
870726520 ; 7.21045 ; 3.30414 ; 0 ; 0
870772520 ; 7.21167 ; 3.30437 ; 0 ; 0
870823520 ; 7.2141 ; 3.30452 ; 0 ; 0
870869520 ; 7.21532 ; 3.30406 ; 0 ; 0
870918520 ; 7.21167 ; 3.30475 ; 0 ; 0
870968520 ; 7.21045 ; 3.30391 ; 0 ; 0
871030520 ; 7.20923 ; 3.30391 ; 0 ; 0
871074520 ; 7.22019 ; 3.30482 ; 0 ; 0
871132520 ; 7.22262 ; 3.30673 ; 0 ; 0
871179520 ; 7.20923 ; 3.3065 ; 0 ; 0
871242520 ; 7.21654 ; 3.30467 ; 0 ; 0
871289520 ; 7.21654 ; 3.30399 ; 0 ; 0
871343520 ; 7.22384 ; 3.3046 ; 0 ; 0
871389520 ; 7.22506 ; 3.30429 ; 0 ; 0
871451520 ; 7.21045 ; 3.30421 ; 0 ; 0
871490520 ; 7.2068 ; 3.30437 ; 0 ; 0
871549520 ; 26.4243 ; 3.30452 ; 0 ; 0
871594520 ; 7.20436 ; 3.30475 ; 0 ; 0
871655520 ; 7.21167 ; 3.30444 ; 0 ; 0
871694520 ; 7.22384 ; 3.30467 ; 0 ; 0
871748520 ; 7.2141 ; 3.30582 ; 0 ; 0
871789520 ; 7.22384 ; 3.30612 ; 0 ; 0
871844520 ; 7.22141 ; 3.30399 ; 0 ; 0
871895520 ; 7.23358 ; 3.30482 ; 0 ; 0
871957520 ; 7.22019 ; 3.30551 ; 0 ; 0
871999520 ; 7.22628 ; 3.30414 ; 0 ; 0
872053520 ; 7.21288 ; 3.30475 ; 0 ; 0
872104520 ; 7.22628 ; 3.30383 ; 0 ; 0
872161520 ; 7.21897 ; 3.30467 ; 0 ; 0
872221520 ; 7.22749 ; 3.30391 ; 0 ; 0
872280520 ; 7.23845 ; 3.30452 ; 0 ; 0
872333520 ; 7.2068 ; 3.30437 ; 0 ; 0
872379520 ; 7.22141 ; 3.30467 ; 0 ; 0
872434520 ; 7.22262 ; 3.30582 ; 0 ; 0
872502520 ; 7.20801 ; 3.30444 ; 0 ; 0
872557520 ; 7.21167 ; 3.30589 ; 0 ; 0
872612520 ; 7.22506 ; 3.30475 ; 0 ; 0
872665520 ; 7.22141 ; 3.30399 ; 0 ; 0
872713520 ; 7.22628 ; 3.30444 ; 0 ; 0
872766520 ; 7.21897 ; 3.30391 ; 0 ; 0
872825520 ; 7.22141 ; 3.30429 ; 0 ; 0
872869520 ; 7.20923 ; 3.30444 ; 0 ; 0
872922520 ; 7.20801 ; 3.30421 ; 0 ; 0
872969520 ; 7.21532 ; 3.30482 ; 0 ; 0
873029520 ; 7.24089 ; 3.30391 ; 0 ; 0
873076520 ; 7.21167 ; 3.30482 ; 0 ; 0
873127520 ; 7.20923 ; 3.30399 ; 0 ; 0
873173520 ; 7.22019 ; 3.30475 ; 0 ; 0
873229520 ; 7.21167 ; 3.30421 ; 0 ; 0
873275520 ; 7.2141 ; 3.30475 ; 0 ; 0
873337520 ; 7.21897 ; 3.30467 ; 0 ; 0
873384520 ; 7.23358 ; 3.30414 ; 0 ; 0
873436520 ; 7.22749 ; 3.30444 ; 0 ; 0
873482520 ; 7.21775 ; 3.30391 ; 0 ; 0
873542520 ; 7.21045 ; 3.30437 ; 0 ; 0
873586520 ; 7.21654 ; 3.30696 ; 0 ; 0
873640520 ; 7.21045 ; 3.30391 ; 0 ; 0
873690520 ; 7.22993 ; 3.30467 ; 0 ; 0
873738520 ; 7.22384 ; 3.3062 ; 0 ; 0
873786520 ; 7.21775 ; 3.30574 ; 0 ; 0
873844520 ; 7.20923 ; 3.30414 ; 0 ; 0
873887520 ; 7.22384 ; 3.30467 ; 0 ; 0
873944520 ; 7.22262 ; 3.30429 ; 0 ; 0
873991520 ; 7.2348 ; 3.30475 ; 0 ; 0
874053520 ; 7.22871 ; 3.30513 ; 0 ; 0
874090520 ; 7.21045 ; 3.30482 ; 0 ; 0
874147520 ; 29.1588 ; 3.30734 ; 0 ; 0
874200520 ; 7.23236 ; 3.3036 ; 0 ; 0
874253520 ; 7.22506 ; 3.30467 ; 0 ; 0
874298520 ; 7.22019 ; 3.30452 ; 0 ; 0
874351520 ; 28.9786 ; 3.30528 ; 0 ; 0
874395520 ; 7.22141 ; 3.30429 ; 0 ; 0
874445520 ; 7.21045 ; 3.30635 ; 0 ; 0
874486520 ; 7.19706 ; 3.30597 ; 0 ; 0
874551520 ; 7.22141 ; 3.30673 ; 0 ; 0
874596520 ; 7.21532 ; 3.30437 ; 0 ; 0
874650520 ; 7.2141 ; 3.30482 ; 0 ; 0
874691520 ; 7.21288 ; 3.30612 ; 0 ; 0
874745520 ; 7.22019 ; 3.30383 ; 0 ; 0
874796520 ; 7.21288 ; 3.30452 ; 0 ; 0
874862520 ; 7.22019 ; 3.30574 ; 0 ; 0
874911520 ; 7.23115 ; 3.30597 ; 0 ; 0
874961520 ; 7.20436 ; 3.30414 ; 0 ; 0
875014520 ; 7.22019 ; 3.30475 ; 0 ; 0
875064520 ; 7.20558 ; 3.30589 ; 0 ; 0
875113520 ; 7.20558 ; 3.30452 ; 0 ; 0
875167520 ; 7.20558 ; 3.30475 ; 0 ; 0
875220520 ; 7.22262 ; 3.3036 ; 0 ; 0
875267520 ; 7.21288 ; 3.30421 ; 0 ; 0
875318520 ; 7.22384 ; 3.30414 ; 0 ; 0
875376520 ; 7.20314 ; 3.30406 ; 0 ; 0
875437520 ; 7.2068 ; 3.30391 ; 0 ; 0
875487520 ; 7.22993 ; 3.30421 ; 0 ; 0
875549520 ; 30.1668 ; 3.30818 ; 0 ; 0
875595520 ; 7.22019 ; 3.3046 ; 0 ; 0
875652520 ; 7.21775 ; 3.3062 ; 0 ; 0
875704520 ; 7.2068 ; 3.30421 ; 0 ; 0
875757520 ; 7.22141 ; 3.30673 ; 0 ; 0
875802520 ; 7.22262 ; 3.30437 ; 0 ; 0
875859520 ; 7.21532 ; 3.30544 ; 0 ; 0
875907520 ; 7.19949 ; 3.3062 ; 0 ; 0
875963520 ; 7.21532 ; 3.30452 ; 0 ; 0
876025520 ; 7.22262 ; 3.3046 ; 0 ; 0
876077520 ; 7.21045 ; 3.30376 ; 0 ; 0
876129520 ; 7.20923 ; 3.30643 ; 0 ; 0
876173520 ; 7.2141 ; 3.30437 ; 0 ; 0
876227520 ; 7.21532 ; 3.30643 ; 0 ; 0
876275520 ; 7.2141 ; 3.30544 ; 0 ; 0
876327520 ; 7.20436 ; 3.30429 ; 0 ; 0
876378520 ; 7.21045 ; 3.30429 ; 0 ; 0
876434520 ; 7.21532 ; 3.30437 ; 0 ; 0
876480520 ; 7.21288 ; 3.30383 ; 0 ; 0
876545520 ; 7.22749 ; 3.30444 ; 0 ; 0
876592520 ; 7.22506 ; 3.30452 ; 0 ; 0
876647520 ; 7.22628 ; 3.30635 ; 0 ; 0
876697520 ; 7.21897 ; 3.30437 ; 0 ; 0
876751520 ; 29.2988 ; 3.30605 ; 0 ; 0
876804520 ; 7.21897 ; 3.30452 ; 0 ; 0
876855520 ; 7.21897 ; 3.30383 ; 0 ; 0
876909520 ; 7.21897 ; 3.30467 ; 0 ; 0
876971520 ; 7.22506 ; 3.30444 ; 0 ; 0
877031520 ; 7.2141 ; 3.30406 ; 0 ; 0
877076520 ; 7.21775 ; 3.30376 ; 0 ; 0
877137520 ; 7.20071 ; 3.30383 ; 0 ; 0
877180520 ; 7.20923 ; 3.30383 ; 0 ; 0
877232520 ; 7.21532 ; 3.30437 ; 0 ; 0
877291520 ; 7.22871 ; 3.30421 ; 0 ; 0
877346520 ; 7.21532 ; 3.3046 ; 0 ; 0
877392520 ; 7.21775 ; 3.30452 ; 0 ; 0
877447520 ; 7.22384 ; 3.30444 ; 0 ; 0
877507520 ; 7.23115 ; 3.30444 ; 0 ; 0
877564520 ; 7.20923 ; 3.30475 ; 0 ; 0
877626520 ; 7.21654 ; 3.30452 ; 0 ; 0
877672520 ; 7.21654 ; 3.30643 ; 0 ; 0
877731520 ; 7.21288 ; 3.30383 ; 0 ; 0
877777520 ; 7.22628 ; 3.30399 ; 0 ; 0
877835520 ; 7.20801 ; 3.30589 ; 0 ; 0
877883520 ; 7.21775 ; 3.30406 ; 0 ; 0
877937520 ; 7.22019 ; 3.30544 ; 0 ; 0
877982520 ; 7.22262 ; 3.30467 ; 0 ; 0
878035520 ; 7.20558 ; 3.30376 ; 0 ; 0
878081520 ; 7.21532 ; 3.30406 ; 0 ; 0
878134520 ; 7.2141 ; 3.30414 ; 0 ; 0
878179520 ; 7.22141 ; 3.30391 ; 0 ; 0
878234520 ; 7.19706 ; 3.30421 ; 0 ; 0
878281520 ; 7.20923 ; 3.30513 ; 0 ; 0
878341520 ; 7.21167 ; 3.3049 ; 0 ; 0
878389520 ; 7.21897 ; 3.30437 ; 0 ; 0
878442520 ; 7.21167 ; 3.3049 ; 0 ; 0
878486520 ; 7.22141 ; 3.3046 ; 0 ; 0
878546520 ; 7.20923 ; 3.30635 ; 0 ; 0
878590520 ; 7.21045 ; 3.30437 ; 0 ; 0
878654520 ; 7.23115 ; 3.30376 ; 0 ; 0
878703520 ; 7.21045 ; 3.30643 ; 0 ; 0
878756520 ; 7.21775 ; 3.30513 ; 0 ; 0
878800520 ; 7.21045 ; 3.30399 ; 0 ; 0
878853520 ; 7.21532 ; 3.30589 ; 0 ; 0
878903520 ; 7.20801 ; 3.30452 ; 0 ; 0
878957520 ; 7.2068 ; 3.30727 ; 0 ; 0
879003520 ; 7.22019 ; 3.30612 ; 0 ; 0
879056520 ; 7.20923 ; 3.30406 ; 0 ; 0
879111520 ; 7.2141 ; 3.30383 ; 0 ; 0
879163520 ; 7.23236 ; 3.30505 ; 0 ; 0
879211520 ; 7.21775 ; 3.30399 ; 0 ; 0
