#Time (us) ; Current (mA) ; Voltage (V) ; PC ; IRQ 
1594743520 ; 35.4433 ; 3.31093 ; 0 ; 0
1594793520 ; 34.333 ; 3.31268 ; 0 ; 0
1594844520 ; 34.9733 ; 3.31146 ; 0 ; 0
1594896520 ; 31.5851 ; 3.3107 ; 0 ; 0
1594945520 ; 6.83791 ; 3.30505 ; 0 ; 0
1595004520 ; 34.8138 ; 3.31207 ; 0 ; 0
1595051520 ; 29.4984 ; 3.31062 ; 0 ; 0
1595106520 ; 34.7274 ; 3.31146 ; 0 ; 0
1595150520 ; 34.5886 ; 3.31085 ; 0 ; 0
1595205520 ; 35.1706 ; 3.311 ; 0 ; 0
1595250520 ; 28.2323 ; 3.30963 ; 0 ; 0
1595304520 ; 34.2368 ; 3.31123 ; 0 ; 0
1595355520 ; 35.9826 ; 3.31078 ; 0 ; 0
1595414520 ; 6.84765 ; 3.30467 ; 0 ; 0
1595459520 ; 28.6353 ; 3.30742 ; 0 ; 0
1595521520 ; 34.7043 ; 3.31085 ; 0 ; 0
1595563520 ; 35.8353 ; 3.31085 ; 0 ; 0
1595617520 ; 34.1016 ; 3.30963 ; 0 ; 0
1595664520 ; 36.063 ; 3.31268 ; 0 ; 0
1595719520 ; 33.5489 ; 3.31085 ; 0 ; 0
1595762520 ; 35.2144 ; 3.31154 ; 0 ; 0
1595816520 ; 36.3357 ; 3.31085 ; 0 ; 0
1595864520 ; 34.7311 ; 3.31215 ; 0 ; 0
1595914520 ; 6.83425 ; 3.30414 ; 0 ; 0
1595958520 ; 6.84643 ; 3.30383 ; 0 ; 0
1596012520 ; 6.84278 ; 3.30643 ; 0 ; 0
1596059520 ; 6.83547 ; 3.30467 ; 0 ; 0
1596109520 ; 6.84278 ; 3.30597 ; 0 ; 0
1596153520 ; 30.2143 ; 3.30719 ; 0 ; 0
1596208520 ; 6.84886 ; 3.30688 ; 0 ; 0
1596255520 ; 6.83547 ; 3.30482 ; 0 ; 0
1596308520 ; 6.82817 ; 3.30688 ; 0 ; 0
1596353520 ; 6.85373 ; 3.30719 ; 0 ; 0
1596419520 ; 6.84034 ; 3.3062 ; 0 ; 0
1596465520 ; 6.84521 ; 3.30429 ; 0 ; 0
1596518520 ; 6.85495 ; 3.3065 ; 0 ; 0
1596567520 ; 6.85739 ; 3.3046 ; 0 ; 0
1596624520 ; 6.85252 ; 3.30429 ; 0 ; 0
1596669520 ; 6.85617 ; 3.30482 ; 0 ; 0
1596723520 ; 6.84643 ; 3.30452 ; 0 ; 0
1596781520 ; 6.82817 ; 3.30421 ; 0 ; 0
1596833520 ; 6.83182 ; 3.30475 ; 0 ; 0
1596875520 ; 6.83791 ; 3.30444 ; 0 ; 0
1596929520 ; 6.84521 ; 3.30734 ; 0 ; 0
1596971520 ; 6.84765 ; 3.30467 ; 0 ; 0
1597024520 ; 6.83912 ; 3.30482 ; 0 ; 0
1597074520 ; 6.85617 ; 3.30414 ; 0 ; 0
1597126520 ; 6.86104 ; 3.30429 ; 0 ; 0
1597170520 ; 6.84643 ; 3.30627 ; 0 ; 0
1597229520 ; 6.85495 ; 3.3046 ; 0 ; 0
1597276520 ; 6.83669 ; 3.30406 ; 0 ; 0
1597329520 ; 6.86104 ; 3.3049 ; 0 ; 0
1597388520 ; 6.84278 ; 3.30429 ; 0 ; 0
1597446520 ; 6.83304 ; 3.30452 ; 0 ; 0
1597498520 ; 6.82573 ; 3.30551 ; 0 ; 0
1597553520 ; 6.84278 ; 3.30452 ; 0 ; 0
1597604520 ; 6.83912 ; 3.30475 ; 0 ; 0
1597652520 ; 6.8306 ; 3.30612 ; 0 ; 0
1597704520 ; 30.0548 ; 3.30803 ; 0 ; 0
1597754520 ; 6.84521 ; 3.30635 ; 0 ; 0
1597804520 ; 6.8306 ; 3.30711 ; 0 ; 0
1597855520 ; 6.84643 ; 3.30582 ; 0 ; 0
1597906520 ; 6.84399 ; 3.30452 ; 0 ; 0
1597956520 ; 6.83304 ; 3.3036 ; 0 ; 0
1598007520 ; 6.8306 ; 3.3046 ; 0 ; 0
1598053520 ; 6.86226 ; 3.30353 ; 0 ; 0
1598104520 ; 6.82695 ; 3.30528 ; 0 ; 0
1598153520 ; 6.84156 ; 3.30605 ; 0 ; 0
1598208520 ; 6.85008 ; 3.30475 ; 0 ; 0
1598256520 ; 6.84156 ; 3.30551 ; 0 ; 0
1598310520 ; 6.85008 ; 3.30444 ; 0 ; 0
1598362520 ; 27.917 ; 3.30658 ; 0 ; 0
1598415520 ; 6.83547 ; 3.30383 ; 0 ; 0
1598458520 ; 28.4222 ; 3.3049 ; 0 ; 0
1598511520 ; 6.84521 ; 3.30612 ; 0 ; 0
1598554520 ; 6.84521 ; 3.30322 ; 0 ; 0
1598604520 ; 6.84643 ; 3.30414 ; 0 ; 0
1598650520 ; 6.83425 ; 3.30643 ; 0 ; 0
1598703520 ; 6.82573 ; 3.3049 ; 0 ; 0
1598752520 ; 6.83912 ; 3.30566 ; 0 ; 0
1598808520 ; 6.84765 ; 3.30551 ; 0 ; 0
1598873520 ; 6.85008 ; 3.30391 ; 0 ; 0
1598923520 ; 6.84643 ; 3.30482 ; 0 ; 0
1598967520 ; 6.83912 ; 3.30566 ; 0 ; 0
1599023520 ; 6.86347 ; 3.30803 ; 0 ; 0
1599064520 ; 6.83547 ; 3.3062 ; 0 ; 0
1599116520 ; 6.81478 ; 3.30551 ; 0 ; 0
1599160520 ; 6.83912 ; 3.30406 ; 0 ; 0
1599216520 ; 6.83669 ; 3.30383 ; 0 ; 0
1599261520 ; 6.83912 ; 3.3036 ; 0 ; 0
1599312520 ; 6.83669 ; 3.30406 ; 0 ; 0
1599357520 ; 6.84156 ; 3.3062 ; 0 ; 0
1599420520 ; 6.84034 ; 3.3062 ; 0 ; 0
1599468520 ; 6.84886 ; 3.3049 ; 0 ; 0
1599537520 ; 6.82573 ; 3.30368 ; 0 ; 0
1599578520 ; 6.84156 ; 3.30338 ; 0 ; 0
1599632520 ; 6.83669 ; 3.30437 ; 0 ; 0
1599674520 ; 6.85252 ; 3.30414 ; 0 ; 0
1599734520 ; 6.83791 ; 3.30406 ; 0 ; 0
1599778520 ; 6.84765 ; 3.30338 ; 0 ; 0
1599832520 ; 6.84278 ; 3.3078 ; 0 ; 0
1599876520 ; 6.84278 ; 3.3033 ; 0 ; 0
1599931520 ; 6.83791 ; 3.3046 ; 0 ; 0
1599973520 ; 6.84765 ; 3.30391 ; 0 ; 0
1600024520 ; 6.82208 ; 3.30482 ; 0 ; 0
1600072520 ; 6.83182 ; 3.30505 ; 0 ; 0
1600135520 ; 6.84765 ; 3.30399 ; 0 ; 0
1600173520 ; 6.84765 ; 3.30391 ; 0 ; 0
1600228520 ; 6.83182 ; 3.3046 ; 0 ; 0
1600267520 ; 6.82938 ; 3.30467 ; 0 ; 0
1600320520 ; 6.85008 ; 3.30429 ; 0 ; 0
1600381520 ; 6.83547 ; 3.30559 ; 0 ; 0
1600442520 ; 29.1478 ; 3.30627 ; 0 ; 0
1600482520 ; 6.83547 ; 3.30536 ; 0 ; 0
1600535520 ; 6.86469 ; 3.30414 ; 0 ; 0
1600583520 ; 6.83912 ; 3.30467 ; 0 ; 0
1600639520 ; 6.84399 ; 3.30414 ; 0 ; 0
1600682520 ; 30.9715 ; 3.30643 ; 0 ; 0
1600738520 ; 6.84278 ; 3.30368 ; 0 ; 0
1600794520 ; 39.1261 ; 3.31062 ; 0 ; 0
1600846520 ; 29.6506 ; 3.31177 ; 0 ; 0
1600897520 ; 35.2059 ; 3.31177 ; 0 ; 0
1600950520 ; 32.4995 ; 3.31169 ; 0 ; 0
1601009520 ; 28.2237 ; 3.31146 ; 0 ; 0
1601063520 ; 35.8207 ; 3.311 ; 0 ; 0
1601111520 ; 37.1745 ; 3.31108 ; 0 ; 0
1601156520 ; 29.2488 ; 3.30948 ; 0 ; 0
1601220520 ; 0.248822 ; 3.30711 ; 0 ; 0
1601266520 ; 0.0016185 ; 3.30803 ; 0 ; 0
1601320520 ; 0.00194657 ; 3.30376 ; 0 ; 0
1601373520 ; 0.00210297 ; 3.30544 ; 0 ; 0
1601437520 ; 0.00264084 ; 3.30383 ; 0 ; 0
1601483520 ; 0.00283158 ; 3.3036 ; 0 ; 0
1601538520 ; 0.00264084 ; 3.30292 ; 0 ; 0
1601584520 ; 0.00304139 ; 3.3036 ; 0 ; 0
1601637520 ; 0.00148117 ; 3.30292 ; 0 ; 0
1601678520 ; 0.00211823 ; 3.30307 ; 0 ; 0
1601728520 ; 0.00156891 ; 3.30376 ; 0 ; 0
1601770520 ; 0.00194275 ; 3.30338 ; 0 ; 0
1601818520 ; 0.00247681 ; 3.30315 ; 0 ; 0
1601867520 ; 0.00105774 ; 3.3036 ; 0 ; 0
1601928520 ; 0.00183594 ; 3.30383 ; 0 ; 0
1601970520 ; 0.00138581 ; 3.30345 ; 0 ; 0
1602031520 ; 0.00188553 ; 3.30345 ; 0 ; 0
1602087520 ; 0.00157273 ; 3.3036 ; 0 ; 0
1602144520 ; 0.00146973 ; 3.30406 ; 0 ; 0
1602184520 ; 0.00322831 ; 3.30322 ; 0 ; 0
1602238520 ; 0.00196564 ; 3.30566 ; 0 ; 0
1602289520 ; 0.00240815 ; 3.30383 ; 0 ; 0
1602339520 ; 0.00200379 ; 3.30315 ; 0 ; 0
1602402520 ; 0.00276291 ; 3.30338 ; 0 ; 0
1602452520 ; 0.00252259 ; 3.30322 ; 0 ; 0
1602507520 ; 0.00137436 ; 3.30429 ; 0 ; 0
1602552520 ; 0.00150788 ; 3.30368 ; 0 ; 0
1602611520 ; 0.00156891 ; 3.3033 ; 0 ; 0
1602658520 ; 0.00116837 ; 3.30261 ; 0 ; 0
1602718520 ; 0.00175583 ; 3.30307 ; 0 ; 0
1602774520 ; 0.00277817 ; 3.30246 ; 0 ; 0
1602833520 ; 0.0039531 ; 3.30322 ; 0 ; 0
1602885520 ; 0.00257981 ; 3.30383 ; 0 ; 0
1602935520 ; 0.00238144 ; 3.30284 ; 0 ; 0
1602987520 ; 0.00158799 ; 3.30353 ; 0 ; 0
1603045520 ; 0.00236237 ; 3.30376 ; 0 ; 0
1603098520 ; 0.00315964 ; 3.30307 ; 0 ; 0
1603149520 ; 0.00100052 ; 3.30353 ; 0 ; 0
1603199520 ; 0.00268662 ; 3.30315 ; 0 ; 0
1603249520 ; 0.00255692 ; 3.30391 ; 0 ; 0
1603299520 ; 0.00257599 ; 3.30276 ; 0 ; 0
1603351520 ; 0.00177109 ; 3.3033 ; 0 ; 0
1603417520 ; 0.00219834 ; 3.30475 ; 0 ; 0
1603464520 ; 0.00264847 ; 3.3033 ; 0 ; 0
1603516520 ; 0.00111115 ; 3.30299 ; 0 ; 0
1603561520 ; 0.00252259 ; 3.30307 ; 0 ; 0
1603617520 ; 0.00243866 ; 3.30505 ; 0 ; 0
1603661520 ; 0.00206864 ; 3.30513 ; 0 ; 0
1603710520 ; 0.00257599 ; 3.30315 ; 0 ; 0
1603756520 ; 0.00215256 ; 3.30307 ; 0 ; 0
1603807520 ; 0.00391495 ; 3.30368 ; 0 ; 0
1603852520 ; 0.00164521 ; 3.30307 ; 0 ; 0
1603915520 ; 0.00216401 ; 3.30338 ; 0 ; 0
1603958520 ; 0.00186646 ; 3.30391 ; 0 ; 0
1604013520 ; 0.00167572 ; 3.30299 ; 0 ; 0
1604058520 ; 0.00264847 ; 3.30276 ; 0 ; 0
1604110520 ; 0.00164902 ; 3.30284 ; 0 ; 0
1604155520 ; 0.00154984 ; 3.30284 ; 0 ; 0
1604205520 ; 0.00230133 ; 3.30383 ; 0 ; 0
1604259520 ; 0.00149262 ; 3.30315 ; 0 ; 0
1604313520 ; 0.00148499 ; 3.30315 ; 0 ; 0
1604372520 ; 0.00258362 ; 3.30269 ; 0 ; 0
1604428520 ; 0.00302994 ; 3.30338 ; 0 ; 0
1604486520 ; 0.00195801 ; 3.30368 ; 0 ; 0
1604543520 ; 0.00215256 ; 3.3033 ; 0 ; 0
1604585520 ; 0.00342667 ; 3.30315 ; 0 ; 0
1604638520 ; 0.00212586 ; 3.30574 ; 0 ; 0
1604694520 ; 0.00236618 ; 3.30231 ; 0 ; 0
1604750520 ; 0.00253403 ; 3.30322 ; 0 ; 0
1604792520 ; 0.0030452 ; 3.30322 ; 0 ; 0
1604842520 ; 0.00169861 ; 3.30353 ; 0 ; 0
1604894520 ; 0.0027324 ; 3.30528 ; 0 ; 0
1604944520 ; 0.00284302 ; 3.30368 ; 0 ; 0
1604987520 ; 0.0016681 ; 3.30559 ; 0 ; 0
1605037520 ; 0.00196946 ; 3.30299 ; 0 ; 0
1605084520 ; 0.00225937 ; 3.30368 ; 0 ; 0
1605134520 ; 0.00103104 ; 3.30238 ; 0 ; 0
1605176520 ; 0.00111878 ; 3.30467 ; 0 ; 0
1605224520 ; 0.00177491 ; 3.30353 ; 0 ; 0
1605265520 ; 0.00167191 ; 3.30368 ; 0 ; 0
1605324520 ; 0.00186264 ; 3.30345 ; 0 ; 0
1605373520 ; 0.00181305 ; 3.30292 ; 0 ; 0
1605436520 ; 0.00204194 ; 3.30284 ; 0 ; 0
1605488520 ; 0.0029918 ; 3.30338 ; 0 ; 0
1605542520 ; 0.00181687 ; 3.30292 ; 0 ; 0
1605593520 ; 0.00286591 ; 3.30315 ; 0 ; 0
1605645520 ; 0.00184739 ; 3.30368 ; 0 ; 0
1605706520 ; 0.00184357 ; 3.30368 ; 0 ; 0
1605756520 ; 30.0682 ; 3.30956 ; 0 ; 0
1605805520 ; 37.2475 ; 3.31306 ; 0 ; 0
1605849520 ; 30.2825 ; 3.31024 ; 0 ; 0
1605897520 ; 35.4116 ; 3.31001 ; 0 ; 0
1605953520 ; 35.979 ; 3.31245 ; 0 ; 0
1606006520 ; 29.3292 ; 3.31253 ; 0 ; 0
1606054520 ; 36.651 ; 3.31131 ; 0 ; 0
1606105520 ; 27.9973 ; 3.31062 ; 0 ; 0
1606157520 ; 35.1413 ; 3.31047 ; 0 ; 0
1606215520 ; 32.8257 ; 3.31062 ; 0 ; 0
1606260520 ; 35.2813 ; 3.31108 ; 0 ; 0
1606312520 ; 6.83791 ; 3.3036 ; 0 ; 0
1606375520 ; 6.84399 ; 3.30719 ; 0 ; 0
1606443520 ; 6.84886 ; 3.30444 ; 0 ; 0
1606485520 ; 6.8513 ; 3.30528 ; 0 ; 0
1606543520 ; 6.84521 ; 3.30452 ; 0 ; 0
1606589520 ; 6.84156 ; 3.3075 ; 0 ; 0
1606646520 ; 6.80869 ; 3.30452 ; 0 ; 0
1606689520 ; 6.83547 ; 3.3046 ; 0 ; 0
1606744520 ; 6.83912 ; 3.30574 ; 0 ; 0
1606798520 ; 6.84399 ; 3.30406 ; 0 ; 0
1606854520 ; 6.85617 ; 3.30444 ; 0 ; 0
1606910520 ; 6.84278 ; 3.30452 ; 0 ; 0
1606956520 ; 6.84278 ; 3.30383 ; 0 ; 0
1607010520 ; 6.84399 ; 3.30421 ; 0 ; 0
1607059520 ; 6.84643 ; 3.30444 ; 0 ; 0
1607110520 ; 6.82695 ; 3.30399 ; 0 ; 0
1607158520 ; 6.83791 ; 3.30612 ; 0 ; 0
1607214520 ; 6.84521 ; 3.30368 ; 0 ; 0
1607260520 ; 6.84399 ; 3.30635 ; 0 ; 0
1607312520 ; 6.8306 ; 3.30414 ; 0 ; 0
1607377520 ; 6.83425 ; 3.30452 ; 0 ; 0
1607429520 ; 6.83182 ; 3.30406 ; 0 ; 0
1607482520 ; 6.8513 ; 3.3078 ; 0 ; 0
1607533520 ; 6.85008 ; 3.30605 ; 0 ; 0
1607577520 ; 27.9437 ; 3.30544 ; 0 ; 0
1607633520 ; 6.83791 ; 3.30391 ; 0 ; 0
1607701520 ; 6.85252 ; 3.30612 ; 0 ; 0
1607753520 ; 6.85252 ; 3.30574 ; 0 ; 0
1607800520 ; 13.0993 ; 3.30551 ; 0 ; 0
1607851520 ; 6.84278 ; 3.30437 ; 0 ; 0
1607902520 ; 6.83547 ; 3.30589 ; 0 ; 0
1607964520 ; 6.83425 ; 3.30666 ; 0 ; 0
1608023520 ; 6.85739 ; 3.30482 ; 0 ; 0
1608067520 ; 6.8233 ; 3.30437 ; 0 ; 0
1608118520 ; 6.84156 ; 3.30414 ; 0 ; 0
1608167520 ; 6.83791 ; 3.30421 ; 0 ; 0
1608222520 ; 6.84643 ; 3.30444 ; 0 ; 0
1608263520 ; 6.84765 ; 3.30597 ; 0 ; 0
1608316520 ; 6.83547 ; 3.30376 ; 0 ; 0
1608390520 ; 6.83182 ; 3.30421 ; 0 ; 0
1608443520 ; 6.84278 ; 3.30544 ; 0 ; 0
1608485520 ; 6.84765 ; 3.30475 ; 0 ; 0
1608541520 ; 6.82086 ; 3.30406 ; 0 ; 0
1608591520 ; 6.83912 ; 3.30429 ; 0 ; 0
1608654520 ; 6.83304 ; 3.30391 ; 0 ; 0
1608711520 ; 6.83912 ; 3.30444 ; 0 ; 0
1608760520 ; 6.82695 ; 3.30414 ; 0 ; 0
1608811520 ; 6.84399 ; 3.30414 ; 0 ; 0
1608858520 ; 6.84034 ; 3.30612 ; 0 ; 0
1608912520 ; 6.84034 ; 3.30475 ; 0 ; 0
1608959520 ; 6.84643 ; 3.30414 ; 0 ; 0
1609006520 ; 29.2525 ; 3.30482 ; 0 ; 0
1609057520 ; 6.84765 ; 3.30376 ; 0 ; 0
1609111520 ; 6.83791 ; 3.30406 ; 0 ; 0
1609161520 ; 6.83669 ; 3.30391 ; 0 ; 0
1609214520 ; 6.83182 ; 3.30391 ; 0 ; 0
1609259520 ; 6.82573 ; 3.30391 ; 0 ; 0
1609318520 ; 6.83791 ; 3.30391 ; 0 ; 0
1609376520 ; 6.81478 ; 3.30597 ; 0 ; 0
1609427520 ; 6.85739 ; 3.30566 ; 0 ; 0
1609473520 ; 6.82817 ; 3.30391 ; 0 ; 0
1609523520 ; 6.85373 ; 3.30421 ; 0 ; 0
1609567520 ; 6.84278 ; 3.30673 ; 0 ; 0
1609617520 ; 6.84521 ; 3.30566 ; 0 ; 0
1609660520 ; 6.83912 ; 3.30429 ; 0 ; 0
1609710520 ; 6.8306 ; 3.30414 ; 0 ; 0
1609758520 ; 6.84278 ; 3.30383 ; 0 ; 0
1609806520 ; 6.84034 ; 3.30429 ; 0 ; 0
1609859520 ; 6.84886 ; 3.30391 ; 0 ; 0
1609917520 ; 6.84765 ; 3.30399 ; 0 ; 0
1609977520 ; 6.84156 ; 3.30376 ; 0 ; 0
1610026520 ; 6.83425 ; 3.30414 ; 0 ; 0
1610072520 ; 6.84399 ; 3.30406 ; 0 ; 0
1610120520 ; 28.0935 ; 3.30566 ; 0 ; 0
1610163520 ; 6.83547 ; 3.30421 ; 0 ; 0
1610217520 ; 6.83912 ; 3.30376 ; 0 ; 0
1610263520 ; 6.8306 ; 3.30429 ; 0 ; 0
1610316520 ; 6.82938 ; 3.30376 ; 0 ; 0
1610376520 ; 6.83182 ; 3.3033 ; 0 ; 0
1610430520 ; 6.84399 ; 3.30414 ; 0 ; 0
1610485520 ; 6.83669 ; 3.30421 ; 0 ; 0
1610538520 ; 6.82451 ; 3.30528 ; 0 ; 0
1610580520 ; 6.85739 ; 3.30635 ; 0 ; 0
1610635520 ; 6.83912 ; 3.30376 ; 0 ; 0
1610693520 ; 6.8233 ; 3.30421 ; 0 ; 0
1610748520 ; 6.83304 ; 3.30574 ; 0 ; 0
1610791520 ; 6.82451 ; 3.30376 ; 0 ; 0
1610844520 ; 6.84886 ; 3.30711 ; 0 ; 0
1610885520 ; 6.82817 ; 3.30467 ; 0 ; 0
1610939520 ; 6.8513 ; 3.30383 ; 0 ; 0
1610990520 ; 28.046 ; 3.3062 ; 0 ; 0
1611054520 ; 6.84278 ; 3.3033 ; 0 ; 0
1611103520 ; 6.84034 ; 3.30505 ; 0 ; 0
1611152520 ; 6.83791 ; 3.30551 ; 0 ; 0
1611198520 ; 6.83669 ; 3.30627 ; 0 ; 0
1611262520 ; 6.83791 ; 3.30482 ; 0 ; 0
1611321520 ; 6.83547 ; 3.30391 ; 0 ; 0
1611383520 ; 6.84399 ; 3.30444 ; 0 ; 0
1611437520 ; 6.85373 ; 3.30391 ; 0 ; 0
1611478520 ; 27.8999 ; 3.30666 ; 0 ; 0
1611532520 ; 6.83912 ; 3.30368 ; 0 ; 0
1611581520 ; 6.84399 ; 3.30505 ; 0 ; 0
1611634520 ; 6.8306 ; 3.30589 ; 0 ; 0
1611686520 ; 6.84034 ; 3.3065 ; 0 ; 0
1611738520 ; 6.84399 ; 3.30376 ; 0 ; 0
1611783520 ; 6.84399 ; 3.30406 ; 0 ; 0
1611838520 ; 28.9469 ; 3.30582 ; 0 ; 0
1611890520 ; 6.84643 ; 3.30437 ; 0 ; 0
1611949520 ; 6.84521 ; 3.30521 ; 0 ; 0
1611995520 ; 6.85617 ; 3.30368 ; 0 ; 0
1612048520 ; 6.84886 ; 3.30643 ; 0 ; 0
1612089520 ; 6.83791 ; 3.30475 ; 0 ; 0
1612143520 ; 6.84278 ; 3.30627 ; 0 ; 0
1612189520 ; 6.82938 ; 3.30544 ; 0 ; 0
1612238520 ; 6.83425 ; 3.30383 ; 0 ; 0
1612280520 ; 6.84278 ; 3.30353 ; 0 ; 0
1612334520 ; 6.84156 ; 3.30368 ; 0 ; 0
1612398520 ; 6.83912 ; 3.30605 ; 0 ; 0
1612460520 ; 6.83669 ; 3.30391 ; 0 ; 0
1612511520 ; 6.83182 ; 3.30406 ; 0 ; 0
