#Time (us) ; Current (mA) ; Voltage (V) ; PC ; IRQ 
1989098704 ; 29.2945 ; 3.30643 ; 0 ; 0
1989140704 ; 33.8989 ; 3.31032 ; 0 ; 0
1989182704 ; 32.8555 ; 3.30994 ; 0 ; 0
1989227704 ; 7.55677 ; 3.30597 ; 0 ; 0
1989273704 ; 29.029 ; 3.31047 ; 0 ; 0
1989313704 ; 32.8969 ; 3.31039 ; 0 ; 0
1989356704 ; 32.2857 ; 3.31047 ; 0 ; 0
1989407704 ; 32.5718 ; 3.31032 ; 0 ; 0
1989459704 ; 32.3624 ; 3.31024 ; 0 ; 0
1989505704 ; 19.1677 ; 3.30704 ; 0 ; 0
1989553704 ; 7.57137 ; 3.30551 ; 0 ; 0
1989608704 ; 32.2541 ; 3.31017 ; 0 ; 0
1989664704 ; 31.6502 ; 3.31245 ; 0 ; 0
1989721704 ; 31.9716 ; 3.31032 ; 0 ; 0
1989770704 ; 33.0722 ; 3.31039 ; 0 ; 0
1989816704 ; 32.6047 ; 3.31047 ; 0 ; 0
1989858704 ; 32.5256 ; 3.31177 ; 0 ; 0
1989903704 ; 30.5083 ; 3.31024 ; 0 ; 0
1989951704 ; 34.2105 ; 3.31169 ; 0 ; 0
1989991704 ; 7.55311 ; 3.30536 ; 0 ; 0
1990032704 ; 7.56042 ; 3.30505 ; 0 ; 0
1990081704 ; 33.1672 ; 3.31032 ; 0 ; 0
1990127704 ; 29.1313 ; 3.31024 ; 0 ; 0
1990171704 ; 7.54459 ; 3.30521 ; 0 ; 0
1990217704 ; 32.3758 ; 3.31047 ; 0 ; 0
1990259704 ; 32.5244 ; 3.31169 ; 0 ; 0
1990302704 ; 23.4555 ; 3.30994 ; 0 ; 0
1990346704 ; 29.516 ; 3.31017 ; 0 ; 0
1990390704 ; 32.886 ; 3.3107 ; 0 ; 0
1990436704 ; 32.4598 ; 3.31062 ; 0 ; 0
1990477704 ; 7.56285 ; 3.30643 ; 0 ; 0
1990521704 ; 33.0479 ; 3.31047 ; 0 ; 0
1990566704 ; 30.574 ; 3.31032 ; 0 ; 0
1990608704 ; 32.7995 ; 3.31223 ; 0 ; 0
1990648704 ; 31.2521 ; 3.30826 ; 0 ; 0
1990690704 ; 32.8555 ; 3.31032 ; 0 ; 0
1990736704 ; 29.5964 ; 3.31238 ; 0 ; 0
1990776704 ; 29.0461 ; 3.30917 ; 0 ; 0
1990819704 ; 32.5633 ; 3.31055 ; 0 ; 0
1990862704 ; 32.8567 ; 3.31078 ; 0 ; 0
1990906704 ; 32.1165 ; 3.3107 ; 0 ; 0
1990947704 ; 7.54824 ; 3.30658 ; 0 ; 0
1990989704 ; 31.1766 ; 3.31032 ; 0 ; 0
1991031704 ; 32.3491 ; 3.31085 ; 0 ; 0
1991079704 ; 32.9213 ; 3.31062 ; 0 ; 0
1991135704 ; 32.6425 ; 3.31085 ; 0 ; 0
1991195704 ; 28.9183 ; 3.31055 ; 0 ; 0
1991250704 ; 7.55798 ; 3.30559 ; 0 ; 0
1991302704 ; 32.7179 ; 3.31032 ; 0 ; 0
1991353704 ; 33.653 ; 3.31062 ; 0 ; 0
1991401704 ; 7.56772 ; 3.30582 ; 0 ; 0
1991451704 ; 49.9912 ; 3.312 ; 0 ; 0
1991506704 ; 32.6705 ; 3.31039 ; 0 ; 0
1991559704 ; 32.5779 ; 3.31085 ; 0 ; 0
1991602704 ; 7.55798 ; 3.3065 ; 0 ; 0
1991641704 ; 31.8962 ; 3.31009 ; 0 ; 0
1991683704 ; 32.0983 ; 3.31192 ; 0 ; 0
1991729704 ; 33.39 ; 3.31223 ; 0 ; 0
1991774704 ; 31.7756 ; 3.30971 ; 0 ; 0
1991821704 ; 31.5906 ; 3.31039 ; 0 ; 0
1991868704 ; 32.3758 ; 3.31047 ; 0 ; 0
1991913704 ; 32.3442 ; 3.31047 ; 0 ; 0
1991956704 ; 33.8575 ; 3.31047 ; 0 ; 0
1992006704 ; 34.2178 ; 3.31055 ; 0 ; 0
1992052704 ; 7.57259 ; 3.30917 ; 0 ; 0
1992097704 ; 29.6378 ; 3.30887 ; 0 ; 0
1992145704 ; 33.6639 ; 3.31047 ; 0 ; 0
1992189704 ; 33.7893 ; 3.3123 ; 0 ; 0
1992233704 ; 28.6614 ; 3.30574 ; 0 ; 0
1992277704 ; 32.4404 ; 3.31131 ; 0 ; 0
1992320704 ; 33.8684 ; 3.31085 ; 0 ; 0
1992362704 ; 7.56042 ; 3.30803 ; 0 ; 0
1992406704 ; 31.5821 ; 3.31032 ; 0 ; 0
1992446704 ; 29.3078 ; 3.312 ; 0 ; 0
1992488704 ; 32.5585 ; 3.31032 ; 0 ; 0
1992531704 ; 7.57016 ; 3.30612 ; 0 ; 0
1992582704 ; 31.604 ; 3.30978 ; 0 ; 0
1992626704 ; 32.8616 ; 3.31039 ; 0 ; 0
1992667704 ; 29.7291 ; 3.31085 ; 0 ; 0
1992708704 ; 29.1983 ; 3.30673 ; 0 ; 0
1992758704 ; 33.2731 ; 3.31047 ; 0 ; 0
1992805704 ; 33.4521 ; 3.31024 ; 0 ; 0
1992850704 ; 31.7915 ; 3.30826 ; 0 ; 0
1992896704 ; 30.1296 ; 3.31116 ; 0 ; 0
1992943704 ; 33.0308 ; 3.31078 ; 0 ; 0
1992991704 ; 7.54824 ; 3.30528 ; 0 ; 0
1993033704 ; 7.55798 ; 3.30513 ; 0 ; 0
1993074704 ; 33.0564 ; 3.31284 ; 0 ; 0
1993113704 ; 28.9621 ; 3.31032 ; 0 ; 0
1993154704 ; 32.2066 ; 3.31047 ; 0 ; 0
1993193704 ; 32.4087 ; 3.31146 ; 0 ; 0
1993235704 ; 31.9619 ; 3.31078 ; 0 ; 0
1993280704 ; 33.2195 ; 3.31039 ; 0 ; 0
1993323704 ; 29.3237 ; 3.3094 ; 0 ; 0
1993363704 ; 32.6278 ; 3.31047 ; 0 ; 0
1993402704 ; 32.2565 ; 3.31032 ; 0 ; 0
1993443704 ; 7.56407 ; 3.3078 ; 0 ; 0
1993486704 ; 7.54094 ; 3.30605 ; 0 ; 0
1993531704 ; 32.2261 ; 3.31039 ; 0 ; 0
1993573704 ; 32.6157 ; 3.31017 ; 0 ; 0
1993616704 ; 32.4002 ; 3.31062 ; 0 ; 0
1993665704 ; 32.1993 ; 3.31001 ; 0 ; 0
1993719704 ; 32.0885 ; 3.31116 ; 0 ; 0
1993767704 ; 29.6987 ; 3.31047 ; 0 ; 0
1993807704 ; 33.4728 ; 3.31184 ; 0 ; 0
1993846704 ; 32.1908 ; 3.31055 ; 0 ; 0
1993890704 ; 33.7443 ; 3.31215 ; 0 ; 0
1993931704 ; 7.54094 ; 3.30666 ; 0 ; 0
1993974704 ; 29.74 ; 3.3065 ; 0 ; 0
1994012704 ; 32.0897 ; 3.31154 ; 0 ; 0
1994049704 ; 32.4477 ; 3.31032 ; 0 ; 0
1994090704 ; 32.5256 ; 3.3107 ; 0 ; 0
1994129704 ; 32.4793 ; 3.31093 ; 0 ; 0
1994170704 ; 31.4907 ; 3.31245 ; 0 ; 0
1994214704 ; 32.528 ; 3.31047 ; 0 ; 0
1994254704 ; 7.5519 ; 3.30589 ; 0 ; 0
1994292704 ; 32.315 ; 3.31055 ; 0 ; 0
1994330704 ; 33.5361 ; 3.31177 ; 0 ; 0
1994369704 ; 31.9729 ; 3.31062 ; 0 ; 0
1994412704 ; 7.56407 ; 3.30544 ; 0 ; 0
1994451704 ; 32.237 ; 3.30925 ; 0 ; 0
1994494704 ; 32.2541 ; 3.31223 ; 0 ; 0
1994536704 ; 34.1923 ; 3.31093 ; 0 ; 0
1994578704 ; 7.5519 ; 3.30627 ; 0 ; 0
1994621704 ; 32.1871 ; 3.31207 ; 0 ; 0
1994668704 ; 31.6612 ; 3.31062 ; 0 ; 0
1994715704 ; 7.56164 ; 3.30811 ; 0 ; 0
1994767704 ; 32.7411 ; 3.31047 ; 0 ; 0
1994819704 ; 32.7545 ; 3.31062 ; 0 ; 0
1994870704 ; 7.55433 ; 3.30582 ; 0 ; 0
1994924704 ; 32.9736 ; 3.3091 ; 0 ; 0
1994978704 ; 32.8835 ; 3.31062 ; 0 ; 0
1995030704 ; 31.8828 ; 3.31108 ; 0 ; 0
1995085704 ; 32.5463 ; 3.31047 ; 0 ; 0
1995132704 ; 32.8933 ; 3.31039 ; 0 ; 0
1995176704 ; 33.1404 ; 3.31238 ; 0 ; 0
1995219704 ; 31.3605 ; 3.31055 ; 0 ; 0
1995260704 ; 33.0101 ; 3.311 ; 0 ; 0
1995308704 ; 32.0508 ; 3.31192 ; 0 ; 0
1995351704 ; 7.56164 ; 3.30551 ; 0 ; 0
1995394704 ; 31.9631 ; 3.31253 ; 0 ; 0
1995438704 ; 32.0946 ; 3.31047 ; 0 ; 0
1995482704 ; 32.5743 ; 3.312 ; 0 ; 0
1995528704 ; 32.0106 ; 3.31169 ; 0 ; 0
1995573704 ; 33.0004 ; 3.31078 ; 0 ; 0
1995615704 ; 33.0199 ; 3.3123 ; 0 ; 0
1995659704 ; 31.9984 ; 3.31055 ; 0 ; 0
1995698704 ; 32.5804 ; 3.31047 ; 0 ; 0
1995741704 ; 32.2602 ; 3.3107 ; 0 ; 0
1995783704 ; 7.5592 ; 3.30544 ; 0 ; 0
1995824704 ; 32.1031 ; 3.31085 ; 0 ; 0
1995868704 ; 32.6851 ; 3.31055 ; 0 ; 0
1995912704 ; 33.9269 ; 3.3123 ; 0 ; 0
1995955704 ; 31.6381 ; 3.31062 ; 0 ; 0
1995998704 ; 31.8341 ; 3.3123 ; 0 ; 0
1996042704 ; 31.8048 ; 3.31078 ; 0 ; 0
1996092704 ; 32.1993 ; 3.31039 ; 0 ; 0
1996145704 ; 31.7391 ; 3.31047 ; 0 ; 0
1996192704 ; 7.5592 ; 3.30856 ; 0 ; 0
1996242704 ; 7.54337 ; 3.30521 ; 0 ; 0
1996295704 ; 29.9653 ; 3.31017 ; 0 ; 0
1996350704 ; 34.2252 ; 3.31108 ; 0 ; 0
1996395704 ; 31.6588 ; 3.31047 ; 0 ; 0
1996439704 ; 32.0033 ; 3.31047 ; 0 ; 0
1996483704 ; 31.7476 ; 3.31047 ; 0 ; 0
1996526704 ; 29.4844 ; 3.31131 ; 0 ; 0
1996573704 ; 33.1769 ; 3.31192 ; 0 ; 0
1996616704 ; 31.6356 ; 3.31062 ; 0 ; 0
1996668704 ; 7.56894 ; 3.30627 ; 0 ; 0
1996721704 ; 31.5382 ; 3.31154 ; 0 ; 0
1996768704 ; 33.0515 ; 3.31062 ; 0 ; 0
1996818704 ; 30.6227 ; 3.30856 ; 0 ; 0
1996872704 ; 32.0155 ; 3.3107 ; 0 ; 0
1996922704 ; 29.5051 ; 3.31017 ; 0 ; 0
1996974704 ; 32.3381 ; 3.31017 ; 0 ; 0
1997024704 ; 33.7102 ; 3.31047 ; 0 ; 0
1997077704 ; 7.56529 ; 3.3075 ; 0 ; 0
1997127704 ; 32.0021 ; 3.30856 ; 0 ; 0
1997180704 ; 31.6661 ; 3.3107 ; 0 ; 0
1997229704 ; 33.004 ; 3.3107 ; 0 ; 0
1997279704 ; 32.2675 ; 3.31062 ; 0 ; 0
1997330704 ; 32.9651 ; 3.31039 ; 0 ; 0
1997381704 ; 12.2257 ; 3.31009 ; 0 ; 0
1997429704 ; 33.4253 ; 3.31055 ; 0 ; 0
1997471704 ; 32.1007 ; 3.31078 ; 0 ; 0
1997516704 ; 7.57381 ; 3.3075 ; 0 ; 0
1997560704 ; 7.56285 ; 3.30833 ; 0 ; 0
1997604704 ; 29.7766 ; 3.31062 ; 0 ; 0
1997646704 ; 31.4737 ; 3.31192 ; 0 ; 0
1997687704 ; 32.4538 ; 3.31078 ; 0 ; 0
1997730704 ; 32.4014 ; 3.31215 ; 0 ; 0
1997774704 ; 31.2533 ; 3.312 ; 0 ; 0
1997817704 ; 30.3159 ; 3.31062 ; 0 ; 0
1997859704 ; 32.4209 ; 3.3107 ; 0 ; 0
1997902704 ; 32.8068 ; 3.31078 ; 0 ; 0
1997942704 ; 32.8665 ; 3.31062 ; 0 ; 0
1997986704 ; 15.0441 ; 3.30864 ; 0 ; 0
1998025704 ; 29.0997 ; 3.31161 ; 0 ; 0
1998068704 ; 31.4615 ; 3.31024 ; 0 ; 0
1998115704 ; 30.8029 ; 3.31093 ; 0 ; 0
1998156704 ; 32.2626 ; 3.31078 ; 0 ; 0
1998199704 ; 32.1896 ; 3.31268 ; 0 ; 0
1998242704 ; 34.0876 ; 3.311 ; 0 ; 0
1998285704 ; 33.2134 ; 3.3107 ; 0 ; 0
1998330704 ; 32.0447 ; 3.31047 ; 0 ; 0
1998374704 ; 31.6916 ; 3.31238 ; 0 ; 0
1998417704 ; 7.56042 ; 3.3065 ; 0 ; 0
1998463704 ; 31.3093 ; 3.31009 ; 0 ; 0
1998515704 ; 32.3369 ; 3.31047 ; 0 ; 0
1998563704 ; 7.56164 ; 3.3078 ; 0 ; 0
1998607704 ; 32.7898 ; 3.31047 ; 0 ; 0
1998652704 ; 32.7459 ; 3.31078 ; 0 ; 0
1998696704 ; 29.9507 ; 3.30803 ; 0 ; 0
1998738704 ; 32.3929 ; 3.31085 ; 0 ; 0
1998781704 ; 32.8336 ; 3.31093 ; 0 ; 0
1998828704 ; 7.54946 ; 3.30704 ; 0 ; 0
1998876704 ; 29.3517 ; 3.31177 ; 0 ; 0
1998919704 ; 32.0763 ; 3.311 ; 0 ; 0
1998962704 ; 33.0613 ; 3.31192 ; 0 ; 0
1999005704 ; 31.5516 ; 3.30994 ; 0 ; 0
1999051704 ; 31.1182 ; 3.312 ; 0 ; 0
1999096704 ; 30.3816 ; 3.31238 ; 0 ; 0
1999142704 ; 31.7415 ; 3.31207 ; 0 ; 0
1999187704 ; 32.3685 ; 3.3107 ; 0 ; 0
1999232704 ; 31.7452 ; 3.31039 ; 0 ; 0
1999275704 ; 28.9487 ; 3.30818 ; 0 ; 0
1999319704 ; 32.8105 ; 3.31047 ; 0 ; 0
1999364704 ; 33.4435 ; 3.31055 ; 0 ; 0
1999406704 ; 32.203 ; 3.31024 ; 0 ; 0
1999452704 ; 32.2151 ; 3.31093 ; 0 ; 0
1999493704 ; 29.8752 ; 3.31017 ; 0 ; 0
1999538704 ; 32.2748 ; 3.31078 ; 0 ; 0
1999583704 ; 32.9286 ; 3.31093 ; 0 ; 0
1999628704 ; 33.0406 ; 3.31062 ; 0 ; 0
1999672704 ; 33.2914 ; 3.31078 ; 0 ; 0
1999716704 ; 29.6329 ; 3.30612 ; 0 ; 0
1999758704 ; 32.7277 ; 3.31055 ; 0 ; 0
1999801704 ; 33.6822 ; 3.3107 ; 0 ; 0
1999847704 ; 32.5986 ; 3.31078 ; 0 ; 0
1999889704 ; 33.1465 ; 3.31154 ; 0 ; 0
1999931704 ; 32.1701 ; 3.31238 ; 0 ; 0
1999974704 ; 31.7902 ; 3.31062 ; 0 ; 0
2000015704 ; 31.7184 ; 3.31078 ; 0 ; 0
2000056704 ; 32.8202 ; 3.31039 ; 0 ; 0
2000096704 ; 31.268 ; 3.31024 ; 0 ; 0
2000138704 ; 7.56529 ; 3.30605 ; 0 ; 0
2000179704 ; 32.7119 ; 3.31039 ; 0 ; 0
2000224704 ; 33.0588 ; 3.31039 ; 0 ; 0
2000267704 ; 32.6437 ; 3.31055 ; 0 ; 0
2000310704 ; 32.6936 ; 3.31062 ; 0 ; 0
2000352704 ; 29.1715 ; 3.31032 ; 0 ; 0
2000394704 ; 31.3666 ; 3.31055 ; 0 ; 0
2000439704 ; 31.3812 ; 3.31039 ; 0 ; 0
2000480704 ; 31.621 ; 3.31062 ; 0 ; 0
2000522704 ; 31.5577 ; 3.31131 ; 0 ; 0
2000560704 ; 29.8557 ; 3.31047 ; 0 ; 0
2000603704 ; 41.2888 ; 3.31261 ; 0 ; 0
2000646704 ; 32.3454 ; 3.3123 ; 0 ; 0
2000687704 ; 32.8348 ; 3.31047 ; 0 ; 0
2000731704 ; 29.1155 ; 3.31055 ; 0 ; 0
2000772704 ; 29.7741 ; 3.31039 ; 0 ; 0
2000816704 ; 32.2565 ; 3.31093 ; 0 ; 0
2000860704 ; 32.4684 ; 3.31093 ; 0 ; 0
2000901704 ; 31.5504 ; 3.31039 ; 0 ; 0
2000942704 ; 32.2833 ; 3.31055 ; 0 ; 0
2000986704 ; 29.1325 ; 3.3107 ; 0 ; 0
2001031704 ; 31.9278 ; 3.31062 ; 0 ; 0
2001076704 ; 31.5626 ; 3.31062 ; 0 ; 0
2001117704 ; 33.3961 ; 3.31093 ; 0 ; 0
2001156704 ; 7.56529 ; 3.30589 ; 0 ; 0
2001198704 ; 31.7367 ; 3.31009 ; 0 ; 0
2001242704 ; 31.6332 ; 3.31078 ; 0 ; 0
2001284704 ; 33.5543 ; 3.31078 ; 0 ; 0
2001327704 ; 32.0094 ; 3.31001 ; 0 ; 0
2001370704 ; 33.9184 ; 3.31062 ; 0 ; 0
2001416704 ; 29.7072 ; 3.31192 ; 0 ; 0
2001466704 ; 32.7946 ; 3.31047 ; 0 ; 0
2001516704 ; 32.6327 ; 3.31062 ; 0 ; 0
2001568704 ; 33.1404 ; 3.3107 ; 0 ; 0
2001619704 ; 32.0496 ; 3.30849 ; 0 ; 0
2001675704 ; 32.6315 ; 3.31047 ; 0 ; 0
2001730704 ; 32.6425 ; 3.31032 ; 0 ; 0
2001775704 ; 31.4956 ; 3.31078 ; 0 ; 0
2001819704 ; 31.9777 ; 3.31055 ; 0 ; 0
2001859704 ; 31.8779 ; 3.31032 ; 0 ; 0
2001903704 ; 32.6485 ; 3.31078 ; 0 ; 0
2001946704 ; 32.4635 ; 3.31055 ; 0 ; 0
2001990704 ; 32.0167 ; 3.31139 ; 0 ; 0
2002033704 ; 7.55433 ; 3.30589 ; 0 ; 0
2002075704 ; 29.4259 ; 3.31009 ; 0 ; 0
2002117704 ; 33.2281 ; 3.31207 ; 0 ; 0
2002161704 ; 32.5524 ; 3.31062 ; 0 ; 0
2002202704 ; 31.5358 ; 3.3107 ; 0 ; 0
2002242704 ; 32.6084 ; 3.31047 ; 0 ; 0
2002286704 ; 30.1613 ; 3.31139 ; 0 ; 0
2002325704 ; 32.8774 ; 3.31039 ; 0 ; 0
2002371704 ; 31.3666 ; 3.31024 ; 0 ; 0
2002409704 ; 33.5994 ; 3.31161 ; 0 ; 0
2002450704 ; 7.56164 ; 3.30811 ; 0 ; 0
2002492704 ; 31.3276 ; 3.30963 ; 0 ; 0
2002536704 ; 32.9127 ; 3.31047 ; 0 ; 0
2002581704 ; 31.2874 ; 3.31093 ; 0 ; 0
2002625704 ; 32.2894 ; 3.31078 ; 0 ; 0
2002666704 ; 32.6912 ; 3.31085 ; 0 ; 0
2002708704 ; 33.9914 ; 3.31085 ; 0 ; 0
2002752704 ; 31.9035 ; 3.31177 ; 0 ; 0
2002795704 ; 31.7208 ; 3.3107 ; 0 ; 0
2002842704 ; 31.2144 ; 3.31032 ; 0 ; 0
2002885704 ; 7.54824 ; 3.30681 ; 0 ; 0
2002930704 ; 32.8105 ; 3.31047 ; 0 ; 0
2002971704 ; 33.2293 ; 3.31024 ; 0 ; 0
2003011704 ; 31.3617 ; 3.31055 ; 0 ; 0
2003052704 ; 32.1908 ; 3.31047 ; 0 ; 0
2003096704 ; 32.6656 ; 3.3107 ; 0 ; 0
2003140704 ; 33.7211 ; 3.31085 ; 0 ; 0
2003183704 ; 31.8426 ; 3.31062 ; 0 ; 0
2003225704 ; 31.7488 ; 3.31024 ; 0 ; 0
2003269704 ; 33.5982 ; 3.31184 ; 0 ; 0
2003312704 ; 7.55433 ; 3.30551 ; 0 ; 0
2003356704 ; 29.5818 ; 3.31131 ; 0 ; 0
2003399704 ; 33.0479 ; 3.31024 ; 0 ; 0
2003440704 ; 31.3434 ; 3.31062 ; 0 ; 0
2003486704 ; 32.4026 ; 3.31055 ; 0 ; 0
2003528704 ; 32.2115 ; 3.31055 ; 0 ; 0
2003568704 ; 34.0267 ; 3.3107 ; 0 ; 0
2003611704 ; 31.7805 ; 3.31055 ; 0 ; 0
2003658704 ; 31.7306 ; 3.31261 ; 0 ; 0
2003700704 ; 33.6176 ; 3.31093 ; 0 ; 0
2003746704 ; 8.05836 ; 3.30864 ; 0 ; 0
2003788704 ; 32.3393 ; 3.31039 ; 0 ; 0
2003832704 ; 32.6498 ; 3.31207 ; 0 ; 0
2003872704 ; 30.6933 ; 3.31238 ; 0 ; 0
2003916704 ; 32.3831 ; 3.31039 ; 0 ; 0
2003959704 ; 32.203 ; 3.31085 ; 0 ; 0
2004004704 ; 29.6463 ; 3.31047 ; 0 ; 0
2004051704 ; 33.2658 ; 3.3107 ; 0 ; 0
2004098704 ; 32.6254 ; 3.31093 ; 0 ; 0
2004141704 ; 33.2281 ; 3.31024 ; 0 ; 0
2004183704 ; 28.8781 ; 3.30597 ; 0 ; 0
2004227704 ; 30.7603 ; 3.31085 ; 0 ; 0
2004272704 ; 33.8039 ; 3.31047 ; 0 ; 0
2004312704 ; 32.9359 ; 3.31047 ; 0 ; 0
2004351704 ; 32.4075 ; 3.31032 ; 0 ; 0
2004394704 ; 29.4722 ; 3.31047 ; 0 ; 0
2004439704 ; 33.9062 ; 3.3107 ; 0 ; 0
2004484704 ; 32.7788 ; 3.30978 ; 0 ; 0
2004526704 ; 33.793 ; 3.31032 ; 0 ; 0
2004566704 ; 33.9342 ; 3.31047 ; 0 ; 0
2004608704 ; 7.55798 ; 3.30589 ; 0 ; 0
2004653704 ; 7.56164 ; 3.30528 ; 0 ; 0
2004695704 ; 30.781 ; 3.30704 ; 0 ; 0
2004739704 ; 32.2797 ; 3.31177 ; 0 ; 0
2004782704 ; 32.5743 ; 3.31055 ; 0 ; 0
2004826704 ; 28.9852 ; 3.30734 ; 0 ; 0
2004871704 ; 32.1226 ; 3.31032 ; 0 ; 0
2004912704 ; 32.9517 ; 3.31108 ; 0 ; 0
2004963704 ; 7.56042 ; 3.30811 ; 0 ; 0
2005018704 ; 33.2341 ; 3.31062 ; 0 ; 0
2005065704 ; 29.1678 ; 3.31078 ; 0 ; 0
2005118704 ; 31.8499 ; 3.30696 ; 0 ; 0
2005162704 ; 7.56285 ; 3.30757 ; 0 ; 0
2005208704 ; 32.371 ; 3.30978 ; 0 ; 0
2005251704 ; 31.296 ; 3.3123 ; 0 ; 0
2005295704 ; 33.5129 ; 3.31017 ; 0 ; 0
2005335704 ; 30.7566 ; 3.30734 ; 0 ; 0
2005379704 ; 32.2699 ; 3.31131 ; 0 ; 0
2005422704 ; 32.5585 ; 3.31055 ; 0 ; 0
2005467704 ; 28.9463 ; 3.3091 ; 0 ; 0
2005511704 ; 32.1263 ; 3.31169 ; 0 ; 0
2005555704 ; 31.8462 ; 3.31062 ; 0 ; 0
2005600704 ; 32.763 ; 3.31047 ; 0 ; 0
2005640704 ; 7.56894 ; 3.30795 ; 0 ; 0
2005683704 ; 29.1776 ; 3.30582 ; 0 ; 0
2005725704 ; 32.2845 ; 3.31039 ; 0 ; 0
2005770704 ; 33.5969 ; 3.3107 ; 0 ; 0
2005813704 ; 32.8446 ; 3.31017 ; 0 ; 0
2005855704 ; 32.1153 ; 3.31139 ; 0 ; 0
2005897704 ; 29.4929 ; 3.31184 ; 0 ; 0
2005939704 ; 33.8015 ; 3.31085 ; 0 ; 0
2005985704 ; 31.7062 ; 3.30971 ; 0 ; 0
2006034704 ; 31.576 ; 3.31055 ; 0 ; 0
2006088704 ; 31.929 ; 3.31047 ; 0 ; 0
2006140704 ; 7.56042 ; 3.30589 ; 0 ; 0
2006196704 ; 30.9453 ; 3.30688 ; 0 ; 0
2006249704 ; 33.1757 ; 3.31146 ; 0 ; 0
2006297704 ; 33.222 ; 3.3107 ; 0 ; 0
2006341704 ; 31.6137 ; 3.30963 ; 0 ; 0
2006391704 ; 32.3101 ; 3.31055 ; 0 ; 0
2006442704 ; 31.1158 ; 3.31062 ; 0 ; 0
2006495704 ; 32.1177 ; 3.31047 ; 0 ; 0
2006547704 ; 32.1202 ; 3.31055 ; 0 ; 0
2006592704 ; 32.2736 ; 3.31039 ; 0 ; 0
2006634704 ; 7.56772 ; 3.3049 ; 0 ; 0
2006676704 ; 7.57259 ; 3.30658 ; 0 ; 0
2006718704 ; 32.2845 ; 3.3107 ; 0 ; 0
2006761704 ; 32.0118 ; 3.31184 ; 0 ; 0
2006803704 ; 33.9853 ; 3.31093 ; 0 ; 0
2006846704 ; 31.8243 ; 3.30986 ; 0 ; 0
2006891704 ; 32.013 ; 3.31062 ; 0 ; 0
2006934704 ; 33.4606 ; 3.31078 ; 0 ; 0
2006980704 ; 31.6259 ; 3.30902 ; 0 ; 0
2007021704 ; 33.4618 ; 3.31078 ; 0 ; 0
2007061704 ; 32.0496 ; 3.31078 ; 0 ; 0
2007102704 ; 7.57016 ; 3.30803 ; 0 ; 0
2007146704 ; 7.56407 ; 3.30528 ; 0 ; 0
2007186704 ; 29.1946 ; 3.30902 ; 0 ; 0
2007227704 ; 32.1275 ; 3.31177 ; 0 ; 0
2007267704 ; 32.8567 ; 3.31047 ; 0 ; 0
2007316704 ; 32.8762 ; 3.3107 ; 0 ; 0
2007363704 ; 31.8048 ; 3.31032 ; 0 ; 0
2007405704 ; 30.4413 ; 3.31017 ; 0 ; 0
2007447704 ; 31.7842 ; 3.31139 ; 0 ; 0
2007490704 ; 32.4684 ; 3.31024 ; 0 ; 0
2007535704 ; 32.0143 ; 3.3107 ; 0 ; 0
2007581704 ; 33.2147 ; 3.31108 ; 0 ; 0
2007621704 ; 7.56285 ; 3.30734 ; 0 ; 0
2007660704 ; 7.55311 ; 3.30566 ; 0 ; 0
2007705704 ; 31.9741 ; 3.30971 ; 0 ; 0
2007745704 ; 32.5524 ; 3.3107 ; 0 ; 0
2007786704 ; 33.323 ; 3.31062 ; 0 ; 0
2007827704 ; 29.2458 ; 3.30856 ; 0 ; 0
2007866704 ; 32.1969 ; 3.31184 ; 0 ; 0
2007906704 ; 32.8713 ; 3.31039 ; 0 ; 0
2007948704 ; 32.287 ; 3.31039 ; 0 ; 0
2007988704 ; 32.3405 ; 3.30986 ; 0 ; 0
2008032704 ; 30.966 ; 3.31207 ; 0 ; 0
2008074704 ; 33.5689 ; 3.31062 ; 0 ; 0
2008115704 ; 30.865 ; 3.30704 ; 0 ; 0
2008156704 ; 7.57868 ; 3.3065 ; 0 ; 0
2008206704 ; 32.8044 ; 3.31085 ; 0 ; 0
2008259704 ; 33.2427 ; 3.31108 ; 0 ; 0
2008312704 ; 31.9193 ; 3.30887 ; 0 ; 0
2008356704 ; 33.3851 ; 3.31062 ; 0 ; 0
2008403704 ; 33.4509 ; 3.31062 ; 0 ; 0
2008444704 ; 22.5644 ; 3.30582 ; 0 ; 0
2008487704 ; 29.5282 ; 3.31047 ; 0 ; 0
2008535704 ; 33.2001 ; 3.31032 ; 0 ; 0
2008582704 ; 7.54946 ; 3.30551 ; 0 ; 0
2008630704 ; 7.55311 ; 3.30757 ; 0 ; 0
2008676704 ; 29.7729 ; 3.30994 ; 0 ; 0
2008726704 ; 32.5658 ; 3.31047 ; 0 ; 0
2008768704 ; 7.55798 ; 3.30833 ; 0 ; 0
2008807704 ; 32.5633 ; 3.31024 ; 0 ; 0
2008846704 ; 32.4647 ; 3.31108 ; 0 ; 0
2008891704 ; 32.2115 ; 3.31032 ; 0 ; 0
2008936704 ; 32.7995 ; 3.31039 ; 0 ; 0
2008980704 ; 33.5117 ; 3.3107 ; 0 ; 0
2009023704 ; 31.3921 ; 3.31085 ; 0 ; 0
2009063704 ; 7.56285 ; 3.30498 ; 0 ; 0
2009104704 ; 29.5793 ; 3.30605 ; 0 ; 0
2009144704 ; 32.8957 ; 3.31032 ; 0 ; 0
2009188704 ; 31.5784 ; 3.31146 ; 0 ; 0
2009236704 ; 7.5665 ; 3.30658 ; 0 ; 0
2009286704 ; 33.0211 ; 3.31032 ; 0 ; 0
2009336704 ; 28.9426 ; 3.31024 ; 0 ; 0
2009386704 ; 30.0042 ; 3.30688 ; 0 ; 0
2009434704 ; 32.2991 ; 3.31055 ; 0 ; 0
2009488704 ; 33.2402 ; 3.31078 ; 0 ; 0
2009537704 ; 28.693 ; 3.30673 ; 0 ; 0
2009586704 ; 32.0703 ; 3.31108 ; 0 ; 0
2009631704 ; 31.6332 ; 3.31039 ; 0 ; 0
2009670704 ; 33.4289 ; 3.31039 ; 0 ; 0
2009716704 ; 7.56164 ; 3.30574 ; 0 ; 0
2009758704 ; 32.8214 ; 3.31085 ; 0 ; 0
2009801704 ; 33.2451 ; 3.311 ; 0 ; 0
2009841704 ; 7.56042 ; 3.30849 ; 0 ; 0
2009886704 ; 32.3357 ; 3.31039 ; 0 ; 0
2009928704 ; 32.0471 ; 3.3107 ; 0 ; 0
2009969704 ; 31.8718 ; 3.31062 ; 0 ; 0
2010010704 ; 7.55311 ; 3.30498 ; 0 ; 0
2010049704 ; 45.3539 ; 3.31009 ; 0 ; 0
2010095704 ; 31.9729 ; 3.31039 ; 0 ; 0
2010138704 ; 32.9176 ; 3.31047 ; 0 ; 0
2010178704 ; 32.9371 ; 3.31055 ; 0 ; 0
2010218704 ; 29.1009 ; 3.30681 ; 0 ; 0
2010261704 ; 32.5633 ; 3.31024 ; 0 ; 0
2010303704 ; 33.0138 ; 3.31039 ; 0 ; 0
2010344704 ; 33.1501 ; 3.31238 ; 0 ; 0
2010387704 ; 29.2141 ; 3.30971 ; 0 ; 0
2010429704 ; 32.5986 ; 3.31017 ; 0 ; 0
2010472704 ; 30.6848 ; 3.31047 ; 0 ; 0
2010519704 ; 32.4598 ; 3.311 ; 0 ; 0
2010558704 ; 34.0438 ; 3.31062 ; 0 ; 0
2010597704 ; 29.8107 ; 3.30994 ; 0 ; 0
2010637704 ; 13.7707 ; 3.30948 ; 0 ; 0
2010679704 ; 30.7749 ; 3.30704 ; 0 ; 0
2010722704 ; 31.5261 ; 3.31039 ; 0 ; 0
2010767704 ; 33.5105 ; 3.31032 ; 0 ; 0
2010808704 ; 31.9826 ; 3.31009 ; 0 ; 0
2010847704 ; 31.9936 ; 3.30963 ; 0 ; 0
2010892704 ; 32.293 ; 3.31039 ; 0 ; 0
2010936704 ; 33.4155 ; 3.31055 ; 0 ; 0
2010980704 ; 31.6368 ; 3.30986 ; 0 ; 0
2011023704 ; 29.1873 ; 3.30978 ; 0 ; 0
2011070704 ; 33.4971 ; 3.31055 ; 0 ; 0
2011111704 ; 7.5519 ; 3.30528 ; 0 ; 0
2011151704 ; 7.5385 ; 3.30498 ; 0 ; 0
2011192704 ; 32.1652 ; 3.31047 ; 0 ; 0
2011236704 ; 29.9129 ; 3.31154 ; 0 ; 0
2011279704 ; 32.3016 ; 3.31032 ; 0 ; 0
2011330704 ; 33.3011 ; 3.31032 ; 0 ; 0
2011381704 ; 33.6432 ; 3.31062 ; 0 ; 0
2011420704 ; 31.1243 ; 3.31047 ; 0 ; 0
2052551704 ; 31.5504 ; 3.31009 ; 0 ; 0
2052643704 ; 29.107 ; 3.3107 ; 0 ; 0
2052730704 ; 33.1294 ; 3.31017 ; 0 ; 0
2052818704 ; 32.3016 ; 3.31017 ; 0 ; 0
2052904704 ; 33.9585 ; 3.31093 ; 0 ; 0
2052990704 ; 32.3405 ; 3.30978 ; 0 ; 0
2053078704 ; 29.7863 ; 3.31009 ; 0 ; 0
2053167704 ; 31.7574 ; 3.31047 ; 0 ; 0
2053254704 ; 32.1445 ; 3.30994 ; 0 ; 0
2053349704 ; 31.5407 ; 3.31055 ; 0 ; 0
2053439704 ; 32.0946 ; 3.31032 ; 0 ; 0
2053527704 ; 30.9344 ; 3.31253 ; 0 ; 0
2053614704 ; 31.9643 ; 3.31184 ; 0 ; 0
2053702704 ; 32.2602 ; 3.31039 ; 0 ; 0
2053796704 ; 32.4866 ; 3.31039 ; 0 ; 0
2053883704 ; 31.4542 ; 3.31062 ; 0 ; 0
2053969704 ; 32.4464 ; 3.31039 ; 0 ; 0
2054059704 ; 32.8872 ; 3.31161 ; 0 ; 0
2054145704 ; 30.4462 ; 3.31009 ; 0 ; 0
2054234704 ; 32.5974 ; 3.31245 ; 0 ; 0
2054322704 ; 32.0386 ; 3.31047 ; 0 ; 0
2054409704 ; 31.565 ; 3.31024 ; 0 ; 0
2054500704 ; 32.9395 ; 3.31215 ; 0 ; 0
2054585704 ; 29.6098 ; 3.31062 ; 0 ; 0
2054674704 ; 32.2894 ; 3.31062 ; 0 ; 0
2054761704 ; 32.4671 ; 3.31032 ; 0 ; 0
2054850704 ; 7.55555 ; 3.30887 ; 0 ; 0
2054940704 ; 32.6059 ; 3.31169 ; 0 ; 0
2055026704 ; 33.3413 ; 3.31062 ; 0 ; 0
2055112704 ; 7.55677 ; 3.30811 ; 0 ; 0
2055198704 ; 32.6887 ; 3.31093 ; 0 ; 0
2055286704 ; 30.686 ; 3.30872 ; 0 ; 0
2055373704 ; 33.2573 ; 3.3123 ; 0 ; 0
2055462704 ; 32.6473 ; 3.31108 ; 0 ; 0
2055551704 ; 7.5665 ; 3.3075 ; 0 ; 0
2055638704 ; 29.4332 ; 3.31017 ; 0 ; 0
2055728704 ; 31.9936 ; 3.31024 ; 0 ; 0
2055813704 ; 34.2982 ; 3.3107 ; 0 ; 0
2055902704 ; 31.5163 ; 3.31184 ; 0 ; 0
2055991704 ; 7.55068 ; 3.30536 ; 0 ; 0
2056077704 ; 28.984 ; 3.31055 ; 0 ; 0
2056167704 ; 31.8755 ; 3.3107 ; 0 ; 0
2056257704 ; 31.8389 ; 3.31047 ; 0 ; 0
2056345704 ; 32.3381 ; 3.31039 ; 0 ; 0
2056434704 ; 7.52511 ; 3.30437 ; 0 ; 0
2056523704 ; 32.3917 ; 3.31093 ; 0 ; 0
2056611704 ; 7.55311 ; 3.30544 ; 0 ; 0
2056699704 ; 32.3819 ; 3.31062 ; 0 ; 0
2056785704 ; 31.7221 ; 3.31047 ; 0 ; 0
2056874704 ; 33.2914 ; 3.31078 ; 0 ; 0
2056962704 ; 32.7301 ; 3.31123 ; 0 ; 0
2057050704 ; 7.56894 ; 3.30666 ; 0 ; 0
2057139704 ; 33.3522 ; 3.31062 ; 0 ; 0
2057226704 ; 31.8815 ; 3.31047 ; 0 ; 0
2057316704 ; 9.3586 ; 3.30742 ; 0 ; 0
2057405704 ; 33.2755 ; 3.3107 ; 0 ; 0
2057494704 ; 31.4615 ; 3.30948 ; 0 ; 0
2057582704 ; 32.7167 ; 3.31139 ; 0 ; 0
2057672704 ; 32.2249 ; 3.31062 ; 0 ; 0
2057758704 ; 31.0354 ; 3.31039 ; 0 ; 0
2057846704 ; 33.1927 ; 3.31055 ; 0 ; 0
2057939704 ; 32.2943 ; 3.31055 ; 0 ; 0
2058030704 ; 32.6546 ; 3.31047 ; 0 ; 0
2058118704 ; 33.4764 ; 3.31032 ; 0 ; 0
2058207704 ; 29.4491 ; 3.31039 ; 0 ; 0
2069369704 ; 32.7922 ; 3.30978 ; 0 ; 0
2069412704 ; 32.1969 ; 3.31108 ; 0 ; 0
2069457704 ; 33.0442 ; 3.31085 ; 0 ; 0
2069499704 ; 32.2845 ; 3.30902 ; 0 ; 0
2069545704 ; 32.9967 ; 3.31062 ; 0 ; 0
2069587704 ; 32.5998 ; 3.3107 ; 0 ; 0
2069631704 ; 7.56285 ; 3.30894 ; 0 ; 0
2069676704 ; 32.5792 ; 3.31093 ; 0 ; 0
2069719704 ; 32.7252 ; 3.31062 ; 0 ; 0
2069763704 ; 7.56772 ; 3.31055 ; 0 ; 0
2069804704 ; 7.56042 ; 3.30711 ; 0 ; 0
2069849704 ; 32.3077 ; 3.312 ; 0 ; 0
2069892704 ; 32.4087 ; 3.31078 ; 0 ; 0
2069935704 ; 29.8995 ; 3.31039 ; 0 ; 0
2069976704 ; 32.4014 ; 3.30963 ; 0 ; 0
2070019704 ; 33.1952 ; 3.31177 ; 0 ; 0
2070060704 ; 33.698 ; 3.31078 ; 0 ; 0
2070109704 ; 32.3746 ; 3.31055 ; 0 ; 0
2070156704 ; 29.9908 ; 3.31223 ; 0 ; 0
2070206704 ; 31.5601 ; 3.31047 ; 0 ; 0
2070247704 ; 7.56407 ; 3.30559 ; 0 ; 0
2070291704 ; 31.6709 ; 3.30826 ; 0 ; 0
2070335704 ; 33.1514 ; 3.31215 ; 0 ; 0
2070379704 ; 32.8555 ; 3.31085 ; 0 ; 0
2070423704 ; 32.0094 ; 3.31184 ; 0 ; 0
2070466704 ; 33.1514 ; 3.311 ; 0 ; 0
2070512704 ; 33.4642 ; 3.31093 ; 0 ; 0
2070555704 ; 29.6049 ; 3.31039 ; 0 ; 0
2070597704 ; 29.6853 ; 3.31116 ; 0 ; 0
2070638704 ; 33.2195 ; 3.31177 ; 0 ; 0
2070680704 ; 7.58111 ; 3.30795 ; 0 ; 0
2070723704 ; 7.55677 ; 3.30513 ; 0 ; 0
2070765704 ; 31.2594 ; 3.31192 ; 0 ; 0
2070810704 ; 32.9079 ; 3.31055 ; 0 ; 0
2070849704 ; 32.2176 ; 3.31039 ; 0 ; 0
2070890704 ; 32.0849 ; 3.3107 ; 0 ; 0
2070935704 ; 33.4533 ; 3.31062 ; 0 ; 0
2070980704 ; 32.4903 ; 3.31047 ; 0 ; 0
2071023704 ; 32.192 ; 3.31055 ; 0 ; 0
2071067704 ; 31.6843 ; 3.31039 ; 0 ; 0
2071113704 ; 7.56285 ; 3.30833 ; 0 ; 0
2071155704 ; 7.56164 ; 3.30872 ; 0 ; 0
2071200704 ; 31.3215 ; 3.31108 ; 0 ; 0
2071246704 ; 33.9184 ; 3.31085 ; 0 ; 0
2071288704 ; 32.2212 ; 3.31215 ; 0 ; 0
2071332704 ; 32.3284 ; 3.311 ; 0 ; 0
2071373704 ; 33.5738 ; 3.3123 ; 0 ; 0
2071414704 ; 29.4125 ; 3.31062 ; 0 ; 0
2071459704 ; 31.4274 ; 3.31039 ; 0 ; 0
2071503704 ; 33.2098 ; 3.31161 ; 0 ; 0
2071546704 ; 32.5585 ; 3.31024 ; 0 ; 0
2071590704 ; 7.56529 ; 3.30757 ; 0 ; 0
2071636704 ; 29.5526 ; 3.31017 ; 0 ; 0
2071679704 ; 32.9456 ; 3.3107 ; 0 ; 0
2071721704 ; 32.248 ; 3.31039 ; 0 ; 0
2071765704 ; 31.5443 ; 3.31032 ; 0 ; 0
2071806704 ; 32.4513 ; 3.31047 ; 0 ; 0
2071851704 ; 32.2504 ; 3.31062 ; 0 ; 0
2071892704 ; 32.7265 ; 3.311 ; 0 ; 0
2071932704 ; 33.0734 ; 3.31039 ; 0 ; 0
2071976704 ; 31.3958 ; 3.31062 ; 0 ; 0
2072019704 ; 7.54946 ; 3.30635 ; 0 ; 0
2072064704 ; 29.1751 ; 3.31017 ; 0 ; 0
2072105704 ; 32.7167 ; 3.31047 ; 0 ; 0
2072152704 ; 30.7104 ; 3.31078 ; 0 ; 0
2072194704 ; 31.8365 ; 3.3107 ; 0 ; 0
2072238704 ; 32.7922 ; 3.31078 ; 0 ; 0
2072280704 ; 34.1046 ; 3.31078 ; 0 ; 0
2072326704 ; 32.7934 ; 3.31078 ; 0 ; 0
2072369704 ; 31.744 ; 3.31192 ; 0 ; 0
2072412704 ; 31.7196 ; 3.31093 ; 0 ; 0
2072457704 ; 7.56285 ; 3.30627 ; 0 ; 0
2072500704 ; 31.0671 ; 3.31024 ; 0 ; 0
2072542704 ; 31.5589 ; 3.31169 ; 0 ; 0
2072588704 ; 33.7296 ; 3.31223 ; 0 ; 0
2072631704 ; 32.1433 ; 3.31039 ; 0 ; 0
2072677704 ; 32.1177 ; 3.31078 ; 0 ; 0
2072726704 ; 29.5075 ; 3.31032 ; 0 ; 0
2072775704 ; 33.1331 ; 3.3107 ; 0 ; 0
2072823704 ; 33.0235 ; 3.31039 ; 0 ; 0
2072875704 ; 7.56042 ; 3.30765 ; 0 ; 0
2072927704 ; 29.9774 ; 3.30589 ; 0 ; 0
2072975704 ; 33.765 ; 3.3107 ; 0 ; 0
2073016704 ; 33.3084 ; 3.31039 ; 0 ; 0
2073061704 ; 31.6356 ; 3.30879 ; 0 ; 0
2073111704 ; 30.6495 ; 3.31055 ; 0 ; 0
2073167704 ; 31.7026 ; 3.31032 ; 0 ; 0
2073218704 ; 31.8657 ; 3.3107 ; 0 ; 0
2073268704 ; 32.8129 ; 3.31032 ; 0 ; 0
2073324704 ; 20.8161 ; 3.30574 ; 0 ; 0
2073378704 ; 31.268 ; 3.3107 ; 0 ; 0
2073425704 ; 32.1409 ; 3.31078 ; 0 ; 0
2073478704 ; 32.1859 ; 3.31055 ; 0 ; 0
2073524704 ; 31.6466 ; 3.31039 ; 0 ; 0
2073577704 ; 28.9353 ; 3.31047 ; 0 ; 0
2073628704 ; 30.0992 ; 3.30933 ; 0 ; 0
2073683704 ; 32.069 ; 3.31047 ; 0 ; 0
2073737704 ; 31.5467 ; 3.3107 ; 0 ; 0
2073784704 ; 28.7612 ; 3.30582 ; 0 ; 0
2073834704 ; 32.6205 ; 3.31047 ; 0 ; 0
2073883704 ; 32.6303 ; 3.3107 ; 0 ; 0
2073937704 ; 31.7659 ; 3.31146 ; 0 ; 0
2073989704 ; 32.4428 ; 3.31032 ; 0 ; 0
2074042704 ; 32.6753 ; 3.31039 ; 0 ; 0
2074089704 ; 32.2809 ; 3.31047 ; 0 ; 0
2074142704 ; 32.6972 ; 3.31337 ; 0 ; 0
2074190704 ; 7.56772 ; 3.30704 ; 0 ; 0
2074238704 ; 31.9254 ; 3.30986 ; 0 ; 0
2074288704 ; 31.733 ; 3.311 ; 0 ; 0
2074340704 ; 32.3527 ; 3.31047 ; 0 ; 0
2074390704 ; 33.3242 ; 3.31047 ; 0 ; 0
2074443704 ; 32.6278 ; 3.31062 ; 0 ; 0
2074497704 ; 31.6843 ; 3.31024 ; 0 ; 0
2074549704 ; 32.0496 ; 3.31047 ; 0 ; 0
2074596704 ; 31.7172 ; 3.31055 ; 0 ; 0
2074649704 ; 7.56285 ; 3.30589 ; 0 ; 0
2074702704 ; 33.2561 ; 3.31085 ; 0 ; 0
2074754704 ; 33.4825 ; 3.31093 ; 0 ; 0
2074803704 ; 32.248 ; 3.31039 ; 0 ; 0
2074856704 ; 28.984 ; 3.31047 ; 0 ; 0
2074909704 ; 31.9656 ; 3.31024 ; 0 ; 0
2074956704 ; 31.9035 ; 3.31055 ; 0 ; 0
2075006704 ; 32.5438 ; 3.31062 ; 0 ; 0
2075059704 ; 28.9584 ; 3.30917 ; 0 ; 0
2075115704 ; 31.9558 ; 3.31123 ; 0 ; 0
2075170704 ; 32.2273 ; 3.31047 ; 0 ; 0
2075220704 ; 31.1766 ; 3.3107 ; 0 ; 0
2075272704 ; 31.4384 ; 3.30856 ; 0 ; 0
2075322704 ; 31.7708 ; 3.31039 ; 0 ; 0
2075369704 ; 33.1294 ; 3.31055 ; 0 ; 0
2075421704 ; 32.1883 ; 3.31062 ; 0 ; 0
2075475704 ; 29.891 ; 3.31093 ; 0 ; 0
2075526704 ; 29.2969 ; 3.30795 ; 0 ; 0
2075574704 ; 33.8782 ; 3.31078 ; 0 ; 0
2075622704 ; 33.5263 ; 3.3107 ; 0 ; 0
2075676704 ; 24.8106 ; 3.30582 ; 0 ; 0
2075731704 ; 32.6352 ; 3.31039 ; 0 ; 0
2075786704 ; 33.0783 ; 3.31032 ; 0 ; 0
2075834704 ; 31.4859 ; 3.30971 ; 0 ; 0
2075881704 ; 32.2297 ; 3.31093 ; 0 ; 0
2075932704 ; 34.0547 ; 3.3107 ; 0 ; 0
2075986704 ; 32.0447 ; 3.31047 ; 0 ; 0
2076032704 ; 33.0503 ; 3.31032 ; 0 ; 0
2076082704 ; 32.4586 ; 3.31078 ; 0 ; 0
2076131704 ; 31.5954 ; 3.30849 ; 0 ; 0
2076183704 ; 32.3868 ; 3.31047 ; 0 ; 0
2076239704 ; 32.1214 ; 3.31055 ; 0 ; 0
2076289704 ; 32.5718 ; 3.31032 ; 0 ; 0
2076341704 ; 32.8312 ; 3.31078 ; 0 ; 0
2076390704 ; 32.0654 ; 3.30917 ; 0 ; 0
2076442704 ; 31.5674 ; 3.31047 ; 0 ; 0
2076493704 ; 31.7245 ; 3.31223 ; 0 ; 0
2076551704 ; 7.54703 ; 3.30597 ; 0 ; 0
2076590704 ; 32.2139 ; 3.31024 ; 0 ; 0
2076632704 ; 33.5166 ; 3.31024 ; 0 ; 0
2076676704 ; 32.7228 ; 3.31055 ; 0 ; 0
2076716704 ; 32.1664 ; 3.31047 ; 0 ; 0
2076757704 ; 29.8557 ; 3.31039 ; 0 ; 0
2076799704 ; 32.2492 ; 3.3107 ; 0 ; 0
2076843704 ; 32.9213 ; 3.31169 ; 0 ; 0
2076883704 ; 31.7172 ; 3.31093 ; 0 ; 0
2076928704 ; 31.3775 ; 3.31032 ; 0 ; 0
2076969704 ; 7.56407 ; 3.30605 ; 0 ; 0
2077010704 ; 32.6425 ; 3.31032 ; 0 ; 0
2077051704 ; 33.0369 ; 3.31047 ; 0 ; 0
2077094704 ; 31.3617 ; 3.31192 ; 0 ; 0
2077138704 ; 32.9894 ; 3.3107 ; 0 ; 0
2077178704 ; 32.5804 ; 3.3107 ; 0 ; 0
2077224704 ; 31.033 ; 3.31047 ; 0 ; 0
2077267704 ; 31.2144 ; 3.31039 ; 0 ; 0
2077310704 ; 31.7428 ; 3.31146 ; 0 ; 0
2077356704 ; 31.436 ; 3.31253 ; 0 ; 0
2077398704 ; 7.54824 ; 3.30627 ; 0 ; 0
2077443704 ; 32.7837 ; 3.31207 ; 0 ; 0
2077486704 ; 32.4635 ; 3.31032 ; 0 ; 0
2077537704 ; 32.8835 ; 3.3107 ; 0 ; 0
2077580704 ; 33.0333 ; 3.3107 ; 0 ; 0
2077623704 ; 32.4818 ; 3.31062 ; 0 ; 0
2077668704 ; 31.9619 ; 3.31184 ; 0 ; 0
2077710704 ; 32.2468 ; 3.31024 ; 0 ; 0
2077753704 ; 33.6663 ; 3.3107 ; 0 ; 0
2077795704 ; 33.5081 ; 3.31184 ; 0 ; 0
2077838704 ; 7.5519 ; 3.30627 ; 0 ; 0
2077884704 ; 32.4623 ; 3.31192 ; 0 ; 0
2077928704 ; 32.1713 ; 3.31055 ; 0 ; 0
2077976704 ; 7.56894 ; 3.30765 ; 0 ; 0
2078019704 ; 32.0703 ; 3.3107 ; 0 ; 0
2078063704 ; 32.4452 ; 3.312 ; 0 ; 0
2078108704 ; 29.7449 ; 3.31078 ; 0 ; 0
2078157704 ; 34.1022 ; 3.311 ; 0 ; 0
2078199704 ; 34.4248 ; 3.31215 ; 0 ; 0
2078243704 ; 28.827 ; 3.30627 ; 0 ; 0
2078296704 ; 32.8129 ; 3.31009 ; 0 ; 0
2078343704 ; 33.099 ; 3.31253 ; 0 ; 0
2078388704 ; 32.3661 ; 3.31032 ; 0 ; 0
2078430704 ; 32.3856 ; 3.31245 ; 0 ; 0
2078475704 ; 30.4206 ; 3.31047 ; 0 ; 0
2078520704 ; 32.7995 ; 3.31078 ; 0 ; 0
2078563704 ; 33.1696 ; 3.31039 ; 0 ; 0
2078606704 ; 31.9692 ; 3.31017 ; 0 ; 0
2078651704 ; 31.9242 ; 3.31039 ; 0 ; 0
2078697704 ; 28.6382 ; 3.30811 ; 0 ; 0
2078739704 ; 32.4245 ; 3.31047 ; 0 ; 0
2078780704 ; 32.8019 ; 3.31184 ; 0 ; 0
2078821704 ; 32.8957 ; 3.31055 ; 0 ; 0
2078864704 ; 32.2322 ; 3.31047 ; 0 ; 0
2078903704 ; 32.3162 ; 3.31047 ; 0 ; 0
2078951704 ; 32.7995 ; 3.31062 ; 0 ; 0
2079005704 ; 31.8523 ; 3.31062 ; 0 ; 0
2079049704 ; 32.6948 ; 3.31085 ; 0 ; 0
2079091704 ; 31.9595 ; 3.31131 ; 0 ; 0
2079135704 ; 29.2591 ; 3.30658 ; 0 ; 0
2079174704 ; 32.4172 ; 3.31055 ; 0 ; 0
2079213704 ; 33.0345 ; 3.31215 ; 0 ; 0
2079255704 ; 33.0174 ; 3.31253 ; 0 ; 0
2079296704 ; 31.9132 ; 3.31032 ; 0 ; 0
2079339704 ; 32.6802 ; 3.31078 ; 0 ; 0
2079382704 ; 32.7216 ; 3.31062 ; 0 ; 0
2079427704 ; 32.1664 ; 3.31062 ; 0 ; 0
2079470704 ; 32.1214 ; 3.31223 ; 0 ; 0
2079510704 ; 33.2621 ; 3.31085 ; 0 ; 0
2079551704 ; 7.57746 ; 3.30566 ; 0 ; 0
2079590704 ; 7.63225 ; 3.30513 ; 0 ; 0
2079633704 ; 32.6485 ; 3.31024 ; 0 ; 0
2079676704 ; 32.4696 ; 3.31039 ; 0 ; 0
2079727704 ; 31.8122 ; 3.31039 ; 0 ; 0
2079774704 ; 30.003 ; 3.31047 ; 0 ; 0
2079824704 ; 33.4509 ; 3.31078 ; 0 ; 0
2079874704 ; 32.931 ; 3.31039 ; 0 ; 0
2079927704 ; 33.1234 ; 3.31039 ; 0 ; 0
2079979704 ; 33.4338 ; 3.311 ; 0 ; 0
2080027704 ; 7.58111 ; 3.30734 ; 0 ; 0
2080078704 ; 7.57868 ; 3.30643 ; 0 ; 0
2080127704 ; 31.7671 ; 3.30963 ; 0 ; 0
2080175704 ; 29.124 ; 3.31032 ; 0 ; 0
2080225704 ; 31.6977 ; 3.31017 ; 0 ; 0
2080279704 ; 32.0824 ; 3.31009 ; 0 ; 0
2080326704 ; 32.6972 ; 3.31055 ; 0 ; 0
2080368704 ; 31.2485 ; 3.31055 ; 0 ; 0
2080411704 ; 31.6137 ; 3.31009 ; 0 ; 0
2080455704 ; 31.3447 ; 3.31078 ; 0 ; 0
2080499704 ; 33.0065 ; 3.3107 ; 0 ; 0
2080541704 ; 7.57746 ; 3.30643 ; 0 ; 0
2080583704 ; 28.3083 ; 3.30551 ; 0 ; 0
2080623704 ; 31.8146 ; 3.30856 ; 0 ; 0
2080664704 ; 33.0734 ; 3.31032 ; 0 ; 0
2080706704 ; 33.5665 ; 3.31055 ; 0 ; 0
2080747704 ; 7.55433 ; 3.30658 ; 0 ; 0
2080791704 ; 32.9955 ; 3.31024 ; 0 ; 0
2080835704 ; 29.2896 ; 3.31055 ; 0 ; 0
2080877704 ; 31.9972 ; 3.31047 ; 0 ; 0
2080920704 ; 31.817 ; 3.30994 ; 0 ; 0
2080964704 ; 32.4331 ; 3.31055 ; 0 ; 0
2081004704 ; 32.0045 ; 3.31047 ; 0 ; 0
2081044704 ; 29.1398 ; 3.30612 ; 0 ; 0
2081086704 ; 7.56772 ; 3.30544 ; 0 ; 0
2081135704 ; 32.1859 ; 3.30978 ; 0 ; 0
2081183704 ; 32.1043 ; 3.31245 ; 0 ; 0
2081224704 ; 30.0554 ; 3.31055 ; 0 ; 0
2081270704 ; 31.2509 ; 3.30994 ; 0 ; 0
2081310704 ; 31.5821 ; 3.3107 ; 0 ; 0
2081351704 ; 33.0674 ; 3.31078 ; 0 ; 0
2081395704 ; 7.55311 ; 3.30757 ; 0 ; 0
2081439704 ; 32.175 ; 3.31055 ; 0 ; 0
2081485704 ; 32.1701 ; 3.3107 ; 0 ; 0
2081527704 ; 7.57137 ; 3.30719 ; 0 ; 0
2081567704 ; 7.5519 ; 3.30582 ; 0 ; 0
2081612704 ; 7.55677 ; 3.30551 ; 0 ; 0
2081651704 ; 32.931 ; 3.31245 ; 0 ; 0
2081692704 ; 33.0028 ; 3.31207 ; 0 ; 0
2081735704 ; 32.0179 ; 3.31047 ; 0 ; 0
2081775704 ; 32.1883 ; 3.31001 ; 0 ; 0
2081826704 ; 32.2212 ; 3.31314 ; 0 ; 0
2081877704 ; 29.4917 ; 3.31001 ; 0 ; 0
2081922704 ; 32.5913 ; 3.31047 ; 0 ; 0
2081971704 ; 33.1404 ; 3.31024 ; 0 ; 0
2082019704 ; 32.5183 ; 3.31047 ; 0 ; 0
2082067704 ; 7.56529 ; 3.30521 ; 0 ; 0
2082117704 ; 29.2044 ; 3.30597 ; 0 ; 0
2082163704 ; 33.5689 ; 3.31047 ; 0 ; 0
2082199704 ; 32.175 ; 3.31154 ; 0 ; 0
2082240704 ; 32.9687 ; 3.31192 ; 0 ; 0
2082288704 ; 32.9736 ; 3.31062 ; 0 ; 0
2082341704 ; 32.836 ; 3.31062 ; 0 ; 0
2082394704 ; 7.64686 ; 3.30574 ; 0 ; 0
2082442704 ; 32.4379 ; 3.31047 ; 0 ; 0
2082494704 ; 33.4521 ; 3.31047 ; 0 ; 0
2082545704 ; 29.2044 ; 3.30612 ; 0 ; 0
2082598704 ; 30.5436 ; 3.30704 ; 0 ; 0
2082646704 ; 32.5792 ; 3.31047 ; 0 ; 0
2082694704 ; 33.4192 ; 3.31039 ; 0 ; 0
2082742704 ; 30.557 ; 3.31055 ; 0 ; 0
2082788704 ; 32.0386 ; 3.31009 ; 0 ; 0
2082836704 ; 32.1725 ; 3.31047 ; 0 ; 0
2082888704 ; 7.55311 ; 3.30673 ; 0 ; 0
2082942704 ; 32.4891 ; 3.31055 ; 0 ; 0
2082989704 ; 33.0247 ; 3.31047 ; 0 ; 0
2083037704 ; 16.012 ; 3.30666 ; 0 ; 0
2083083704 ; 7.56042 ; 3.30521 ; 0 ; 0
2083136704 ; 33.3839 ; 3.31024 ; 0 ; 0
2083187704 ; 29.6913 ; 3.31055 ; 0 ; 0
2083242704 ; 32.3941 ; 3.31017 ; 0 ; 0
2083287704 ; 31.94 ; 3.31039 ; 0 ; 0
2083330704 ; 34.0973 ; 3.31055 ; 0 ; 0
2083376704 ; 29.1995 ; 3.3094 ; 0 ; 0
2083419704 ; 31.7793 ; 3.31047 ; 0 ; 0
2083463704 ; 33.0637 ; 3.31245 ; 0 ; 0
2083509704 ; 7.58233 ; 3.30795 ; 0 ; 0
2083548704 ; 7.55555 ; 3.30574 ; 0 ; 0
2083597704 ; 30.1187 ; 3.31009 ; 0 ; 0
2083648704 ; 32.6205 ; 3.3107 ; 0 ; 0
2083705704 ; 32.8993 ; 3.31078 ; 0 ; 0
2083756704 ; 32.013 ; 3.31047 ; 0 ; 0
2083807704 ; 29.1155 ; 3.31039 ; 0 ; 0
2083860704 ; 32.668 ; 3.31055 ; 0 ; 0
2083907704 ; 32.7727 ; 3.31062 ; 0 ; 0
2083952704 ; 32.8701 ; 3.31039 ; 0 ; 0
2083993704 ; 15.0198 ; 3.30528 ; 0 ; 0
2084036704 ; 29.1386 ; 3.30933 ; 0 ; 0
2084078704 ; 33.7321 ; 3.31223 ; 0 ; 0
2084117704 ; 33.4898 ; 3.31047 ; 0 ; 0
2084159704 ; 7.56285 ; 3.3065 ; 0 ; 0
2084202704 ; 32.8214 ; 3.31047 ; 0 ; 0
2084243704 ; 32.5231 ; 3.31085 ; 0 ; 0
2084286704 ; 32.22 ; 3.31062 ; 0 ; 0
2084330704 ; 31.621 ; 3.31024 ; 0 ; 0
2084370704 ; 31.9777 ; 3.31131 ; 0 ; 0
2084412704 ; 33.3522 ; 3.31085 ; 0 ; 0
2084453704 ; 29.7291 ; 3.30704 ; 0 ; 0
2084495704 ; 30.4644 ; 3.30658 ; 0 ; 0
2084537704 ; 32.3746 ; 3.31055 ; 0 ; 0
2084578704 ; 32.2845 ; 3.3107 ; 0 ; 0
2084620704 ; 32.4562 ; 3.31253 ; 0 ; 0
2084662704 ; 32.1323 ; 3.31192 ; 0 ; 0
2084713704 ; 32.9529 ; 3.31039 ; 0 ; 0
2084764704 ; 7.56772 ; 3.30849 ; 0 ; 0
2084817704 ; 33.1197 ; 3.312 ; 0 ; 0
2084862704 ; 32.3758 ; 3.31085 ; 0 ; 0
2084903704 ; 7.58964 ; 3.30986 ; 0 ; 0
2084944704 ; 7.55677 ; 3.30772 ; 0 ; 0
2084983704 ; 32.7301 ; 3.31032 ; 0 ; 0
2085024704 ; 32.4818 ; 3.31306 ; 0 ; 0
2085067704 ; 31.1499 ; 3.31078 ; 0 ; 0
2085107704 ; 29.6013 ; 3.30826 ; 0 ; 0
2085152704 ; 33.7065 ; 3.31055 ; 0 ; 0
2085192704 ; 31.9765 ; 3.31047 ; 0 ; 0
2085237704 ; 7.55677 ; 3.30681 ; 0 ; 0
2085279704 ; 32.3588 ; 3.31062 ; 0 ; 0
2085319704 ; 33.0113 ; 3.31085 ; 0 ; 0
2085358704 ; 31.6454 ; 3.31169 ; 0 ; 0
2085400704 ; 7.56042 ; 3.30551 ; 0 ; 0
2085443704 ; 31.7635 ; 3.30933 ; 0 ; 0
2085488704 ; 30.8138 ; 3.31047 ; 0 ; 0
2085532704 ; 32.4586 ; 3.31238 ; 0 ; 0
2085571704 ; 7.55677 ; 3.30566 ; 0 ; 0
2085616704 ; 32.444 ; 3.31078 ; 0 ; 0
2085661704 ; 32.5767 ; 3.31085 ; 0 ; 0
2085704704 ; 24.2043 ; 3.30795 ; 0 ; 0
2085745704 ; 29.6256 ; 3.31032 ; 0 ; 0
2085787704 ; 32.3466 ; 3.31062 ; 0 ; 0
2085829704 ; 31.8231 ; 3.31017 ; 0 ; 0
2085871704 ; 7.56894 ; 3.30582 ; 0 ; 0
2085913704 ; 31.9424 ; 3.30948 ; 0 ; 0
2085954704 ; 28.9925 ; 3.31017 ; 0 ; 0
2085996704 ; 33.4971 ; 3.31032 ; 0 ; 0
2086036704 ; 7.63955 ; 3.30757 ; 0 ; 0
2086076704 ; 32.5098 ; 3.31047 ; 0 ; 0
2086118704 ; 33.015 ; 3.3107 ; 0 ; 0
2086162704 ; 31.2193 ; 3.3123 ; 0 ; 0
2086205704 ; 32.7703 ; 3.31032 ; 0 ; 0
2086247704 ; 31.7488 ; 3.31047 ; 0 ; 0
2086291704 ; 33.6858 ; 3.31085 ; 0 ; 0
2086334704 ; 7.54946 ; 3.30544 ; 0 ; 0
2086381704 ; 31.7196 ; 3.30894 ; 0 ; 0
2086433704 ; 31.688 ; 3.31032 ; 0 ; 0
2086480704 ; 32.9042 ; 3.3107 ; 0 ; 0
2086533704 ; 32.6717 ; 3.30994 ; 0 ; 0
2086584704 ; 30.4121 ; 3.31009 ; 0 ; 0
2086628704 ; 31.7659 ; 3.312 ; 0 ; 0
2086669704 ; 31.8645 ; 3.31169 ; 0 ; 0
2086714704 ; 31.7805 ; 3.31223 ; 0 ; 0
2086755704 ; 32.959 ; 3.31062 ; 0 ; 0
2086801704 ; 7.55068 ; 3.30826 ; 0 ; 0
2086842704 ; 32.2395 ; 3.3107 ; 0 ; 0
2086889704 ; 32.97 ; 3.31039 ; 0 ; 0
2086931704 ; 33.5434 ; 3.31062 ; 0 ; 0
2086974704 ; 7.55068 ; 3.30513 ; 0 ; 0
2087016704 ; 29.9239 ; 3.31207 ; 0 ; 0
2087060704 ; 33.3035 ; 3.31085 ; 0 ; 0
2087105704 ; 7.54703 ; 3.30872 ; 0 ; 0
2087147704 ; 32.3551 ; 3.31047 ; 0 ; 0
2087194704 ; 33.4253 ; 3.31055 ; 0 ; 0
2087236704 ; 28.9597 ; 3.31032 ; 0 ; 0
2087281704 ; 7.53729 ; 3.30559 ; 0 ; 0
2087320704 ; 31.7866 ; 3.30994 ; 0 ; 0
2087363704 ; 31.9619 ; 3.31047 ; 0 ; 0
2087405704 ; 34.0352 ; 3.31238 ; 0 ; 0
2087449704 ; 31.8426 ; 3.30856 ; 0 ; 0
2087493704 ; 33.138 ; 3.31161 ; 0 ; 0
2087536704 ; 33.4009 ; 3.31039 ; 0 ; 0
2087582704 ; 7.54094 ; 3.30833 ; 0 ; 0
2087624704 ; 31.8109 ; 3.31047 ; 0 ; 0
2087668704 ; 29.544 ; 3.31047 ; 0 ; 0
2087710704 ; 33.7248 ; 3.31047 ; 0 ; 0
2087752704 ; 30.3415 ; 3.30643 ; 0 ; 0
2087796704 ; 31.8962 ; 3.31009 ; 0 ; 0
2087839704 ; 32.0642 ; 3.31017 ; 0 ; 0
2087880704 ; 34.0644 ; 3.31078 ; 0 ; 0
2087923704 ; 31.8572 ; 3.31062 ; 0 ; 0
2087963704 ; 32.6985 ; 3.31085 ; 0 ; 0
2088004704 ; 32.6546 ; 3.31299 ; 0 ; 0
2088047704 ; 7.57137 ; 3.30742 ; 0 ; 0
2088087704 ; 29.2677 ; 3.31024 ; 0 ; 0
2088128704 ; 31.9339 ; 3.31184 ; 0 ; 0
2088170704 ; 32.343 ; 3.31039 ; 0 ; 0
2088211704 ; 7.56894 ; 3.30467 ; 0 ; 0
2088256704 ; 31.7184 ; 3.31062 ; 0 ; 0
2088301704 ; 31.3495 ; 3.31024 ; 0 ; 0
2088345704 ; 32.8129 ; 3.31039 ; 0 ; 0
2088390704 ; 30.9088 ; 3.30948 ; 0 ; 0
2088431704 ; 32.5731 ; 3.31047 ; 0 ; 0
2088472704 ; 32.2005 ; 3.31047 ; 0 ; 0
2088513704 ; 18.5187 ; 3.30978 ; 0 ; 0
2088556704 ; 32.4964 ; 3.31009 ; 0 ; 0
2088602704 ; 32.9359 ; 3.31062 ; 0 ; 0
2088644704 ; 32.8713 ; 3.31039 ; 0 ; 0
2088689704 ; 7.55677 ; 3.30574 ; 0 ; 0
2088733704 ; 31.9522 ; 3.31009 ; 0 ; 0
2088775704 ; 32.1323 ; 3.31032 ; 0 ; 0
2088816704 ; 32.8506 ; 3.31039 ; 0 ; 0
2088860704 ; 31.5638 ; 3.30841 ; 0 ; 0
2088901704 ; 33.5604 ; 3.312 ; 0 ; 0
2088945704 ; 29.3042 ; 3.31017 ; 0 ; 0
2088987704 ; 7.56407 ; 3.30696 ; 0 ; 0
2089027704 ; 32.3016 ; 3.31024 ; 0 ; 0
2089071704 ; 33.6383 ; 3.31024 ; 0 ; 0
2089112704 ; 31.8109 ; 3.31017 ; 0 ; 0
2089152704 ; 7.54824 ; 3.30772 ; 0 ; 0
2089196704 ; 32.8385 ; 3.30994 ; 0 ; 0
2089237704 ; 31.7038 ; 3.31001 ; 0 ; 0
2089280704 ; 33.2926 ; 3.3123 ; 0 ; 0
2089325704 ; 31.7208 ; 3.30963 ; 0 ; 0
2089367704 ; 29.3663 ; 3.31245 ; 0 ; 0
2089410704 ; 33.1964 ; 3.31055 ; 0 ; 0
2089451704 ; 7.56042 ; 3.30528 ; 0 ; 0
2089498704 ; 32.7703 ; 3.31078 ; 0 ; 0
2089539704 ; 32.4063 ; 3.31055 ; 0 ; 0
2089584704 ; 29.3602 ; 3.3078 ; 0 ; 0
2089626704 ; 31.6673 ; 3.30772 ; 0 ; 0
2089670704 ; 32.2821 ; 3.31192 ; 0 ; 0
2089709704 ; 33.6481 ; 3.31161 ; 0 ; 0
2089757704 ; 33.6432 ; 3.31032 ; 0 ; 0
2089805704 ; 30.0054 ; 3.31078 ; 0 ; 0
2089854704 ; 33.737 ; 3.311 ; 0 ; 0
2089905704 ; 31.0439 ; 3.3094 ; 0 ; 0
2089953704 ; 32.3466 ; 3.31062 ; 0 ; 0
2089995704 ; 29.1776 ; 3.31009 ; 0 ; 0
2090040704 ; 7.5592 ; 3.30521 ; 0 ; 0
2090084704 ; 32.4148 ; 3.31085 ; 0 ; 0
2090127704 ; 33.5556 ; 3.31062 ; 0 ; 0
2090168704 ; 32.0033 ; 3.31093 ; 0 ; 0
2090211704 ; 31.4214 ; 3.31116 ; 0 ; 0
2090253704 ; 32.9505 ; 3.31055 ; 0 ; 0
2090295704 ; 33.4813 ; 3.31047 ; 0 ; 0
2090342704 ; 31.3361 ; 3.30986 ; 0 ; 0
2090386704 ; 32.7873 ; 3.31238 ; 0 ; 0
2090429704 ; 33.2195 ; 3.3107 ; 0 ; 0
2090470704 ; 7.55433 ; 3.30612 ; 0 ; 0
2090513704 ; 7.5592 ; 3.30528 ; 0 ; 0
2090556704 ; 32.8665 ; 3.31039 ; 0 ; 0
2090598704 ; 31.9789 ; 3.31055 ; 0 ; 0
2090642704 ; 29.7437 ; 3.31169 ; 0 ; 0
2090688704 ; 33.4679 ; 3.31039 ; 0 ; 0
2090732704 ; 31.9607 ; 3.31017 ; 0 ; 0
2090776704 ; 7.5592 ; 3.30757 ; 0 ; 0
2090820704 ; 33.5921 ; 3.31062 ; 0 ; 0
2090860704 ; 33.1952 ; 3.31055 ; 0 ; 0
2090905704 ; 31.2266 ; 3.30948 ; 0 ; 0
2090949704 ; 7.58233 ; 3.30666 ; 0 ; 0
2090987704 ; 32.4184 ; 3.31055 ; 0 ; 0
2091028704 ; 32.0325 ; 3.31085 ; 0 ; 0
2091071704 ; 31.8706 ; 3.31207 ; 0 ; 0
2091110704 ; 32.6583 ; 3.31047 ; 0 ; 0
2091150704 ; 31.7415 ; 3.31032 ; 0 ; 0
2091191704 ; 31.7294 ; 3.31055 ; 0 ; 0
2091235704 ; 32.8799 ; 3.312 ; 0 ; 0
2091280704 ; 32.2565 ; 3.31039 ; 0 ; 0
2091325704 ; 31.6137 ; 3.31047 ; 0 ; 0
2091367704 ; 8.06566 ; 3.30681 ; 0 ; 0
2091410704 ; 32.6254 ; 3.31139 ; 0 ; 0
2091452704 ; 32.6705 ; 3.31055 ; 0 ; 0
2091496704 ; 30.4851 ; 3.31047 ; 0 ; 0
2091540704 ; 31.7744 ; 3.31024 ; 0 ; 0
2091579704 ; 33.1331 ; 3.31207 ; 0 ; 0
2091622704 ; 33.6189 ; 3.31093 ; 0 ; 0
2091663704 ; 32.164 ; 3.31024 ; 0 ; 0
2091711704 ; 31.0999 ; 3.31047 ; 0 ; 0
2091751704 ; 33.0491 ; 3.31093 ; 0 ; 0
2091798704 ; 7.55433 ; 3.30811 ; 0 ; 0
2091845704 ; 31.604 ; 3.30917 ; 0 ; 0
2091887704 ; 33.2524 ; 3.31085 ; 0 ; 0
2091926704 ; 29.5075 ; 3.31047 ; 0 ; 0
2091968704 ; 30.4644 ; 3.30986 ; 0 ; 0
2092008704 ; 32.3174 ; 3.31207 ; 0 ; 0
2092048704 ; 32.8287 ; 3.31062 ; 0 ; 0
2092096704 ; 7.56042 ; 3.30803 ; 0 ; 0
2092135704 ; 30.4243 ; 3.31001 ; 0 ; 0
2092175704 ; 33.9938 ; 3.31032 ; 0 ; 0
2092216704 ; 32.4501 ; 3.31055 ; 0 ; 0
2092259704 ; 7.56894 ; 3.3065 ; 0 ; 0
2092299704 ; 32.8409 ; 3.31078 ; 0 ; 0
2092346704 ; 29.9568 ; 3.31032 ; 0 ; 0
2092387704 ; 30.1333 ; 3.31062 ; 0 ; 0
2092433704 ; 32.6145 ; 3.3123 ; 0 ; 0
2092475704 ; 32.9785 ; 3.31131 ; 0 ; 0
2092521704 ; 32.7484 ; 3.31154 ; 0 ; 0
2092564704 ; 29.7242 ; 3.3107 ; 0 ; 0
2092609704 ; 31.5212 ; 3.31123 ; 0 ; 0
2092651704 ; 7.56529 ; 3.30833 ; 0 ; 0
2092691704 ; 7.55555 ; 3.30658 ; 0 ; 0
2092733704 ; 32.9724 ; 3.31032 ; 0 ; 0
2092775704 ; 30.4157 ; 3.31032 ; 0 ; 0
2092817704 ; 31.7269 ; 3.31093 ; 0 ; 0
2092857704 ; 31.7367 ; 3.31032 ; 0 ; 0
2092898704 ; 32.819 ; 3.31039 ; 0 ; 0
2092938704 ; 31.3252 ; 3.31055 ; 0 ; 0
2092977704 ; 29.9129 ; 3.31039 ; 0 ; 0
2093020704 ; 32.5572 ; 3.31047 ; 0 ; 0
2093063704 ; 30.7104 ; 3.3107 ; 0 ; 0
2093107704 ; 7.57503 ; 3.30673 ; 0 ; 0
2093152704 ; 32.5998 ; 3.31123 ; 0 ; 0
2093196704 ; 29.1277 ; 3.31017 ; 0 ; 0
2093238704 ; 31.1766 ; 3.31215 ; 0 ; 0
2093278704 ; 31.4433 ; 3.31253 ; 0 ; 0
2093319704 ; 31.6648 ; 3.31062 ; 0 ; 0
2093363704 ; 31.6198 ; 3.31093 ; 0 ; 0
2093406704 ; 29.3115 ; 3.31055 ; 0 ; 0
2093450704 ; 32.6571 ; 3.31039 ; 0 ; 0
2093495704 ; 30.9112 ; 3.31108 ; 0 ; 0
2093546704 ; 7.55433 ; 3.30521 ; 0 ; 0
2093596704 ; 32.7946 ; 3.31062 ; 0 ; 0
2093650704 ; 33.2049 ; 3.31062 ; 0 ; 0
2093703704 ; 32.3137 ; 3.31032 ; 0 ; 0
2093752704 ; 32.2115 ; 3.31047 ; 0 ; 0
2093803704 ; 33.4411 ; 3.31078 ; 0 ; 0
2093852704 ; 31.7963 ; 3.31146 ; 0 ; 0
2093896704 ; 31.5626 ; 3.31062 ; 0 ; 0
2093942704 ; 7.56285 ; 3.30826 ; 0 ; 0
2093984704 ; 7.55798 ; 3.30666 ; 0 ; 0
2094028704 ; 32.0532 ; 3.31093 ; 0 ; 0
2094071704 ; 33.3413 ; 3.31078 ; 0 ; 0
2094116704 ; 30.0322 ; 3.30833 ; 0 ; 0
2094162704 ; 32.2967 ; 3.31032 ; 0 ; 0
2094202704 ; 32.8287 ; 3.31093 ; 0 ; 0
2094243704 ; 28.7734 ; 3.30788 ; 0 ; 0
2094286704 ; 29.6987 ; 3.31238 ; 0 ; 0
2094325704 ; 31.4883 ; 3.31039 ; 0 ; 0
2094366704 ; 32.483 ; 3.31085 ; 0 ; 0
2094406704 ; 7.54216 ; 3.30513 ; 0 ; 0
2094448704 ; 33.1392 ; 3.31024 ; 0 ; 0
2094488704 ; 29.684 ; 3.31055 ; 0 ; 0
2094534704 ; 32.7094 ; 3.31032 ; 0 ; 0
2094576704 ; 32.0763 ; 3.31047 ; 0 ; 0
2094622704 ; 33.4935 ; 3.31039 ; 0 ; 0
2094663704 ; 33.6992 ; 3.31062 ; 0 ; 0
2094706704 ; 29.4466 ; 3.31055 ; 0 ; 0
2094751704 ; 32.7983 ; 3.3107 ; 0 ; 0
2094794704 ; 32.6242 ; 3.31245 ; 0 ; 0
2094836704 ; 7.5665 ; 3.30528 ; 0 ; 0
2094879704 ; 33.3279 ; 3.3107 ; 0 ; 0
2094926704 ; 29.7534 ; 3.311 ; 0 ; 0
2094970704 ; 7.5519 ; 3.30887 ; 0 ; 0
2095014704 ; 32.0057 ; 3.31055 ; 0 ; 0
2095055704 ; 32.8324 ; 3.312 ; 0 ; 0
2095095704 ; 31.6904 ; 3.31207 ; 0 ; 0
2095135704 ; 29.5513 ; 3.31039 ; 0 ; 0
2095175704 ; 32.3551 ; 3.31062 ; 0 ; 0
2095221704 ; 32.4842 ; 3.31085 ; 0 ; 0
2095261704 ; 7.56772 ; 3.30643 ; 0 ; 0
2095306704 ; 32.0033 ; 3.3107 ; 0 ; 0
2095352704 ; 32.4769 ; 3.3123 ; 0 ; 0
2095395704 ; 31.9327 ; 3.31078 ; 0 ; 0
2095439704 ; 31.9887 ; 3.3107 ; 0 ; 0
2095482704 ; 33.1197 ; 3.31131 ; 0 ; 0
2095528704 ; 29.846 ; 3.31116 ; 0 ; 0
2095572704 ; 31.9144 ; 3.31055 ; 0 ; 0
2095616704 ; 32.3673 ; 3.31039 ; 0 ; 0
2095660704 ; 32.7581 ; 3.31116 ; 0 ; 0
2095702704 ; 7.56894 ; 3.30635 ; 0 ; 0
2095746704 ; 29.0412 ; 3.311 ; 0 ; 0
2095793704 ; 33.25 ; 3.31139 ; 0 ; 0
2095836704 ; 30.8942 ; 3.30849 ; 0 ; 0
2095879704 ; 32.4891 ; 3.31055 ; 0 ; 0
2095920704 ; 32.6291 ; 3.31039 ; 0 ; 0
2095967704 ; 29.5355 ; 3.3075 ; 0 ; 0
2096011704 ; 33.4168 ; 3.31055 ; 0 ; 0
2096055704 ; 33.8855 ; 3.31055 ; 0 ; 0
2096097704 ; 7.56894 ; 3.30727 ; 0 ; 0
2096143704 ; 32.0751 ; 3.30971 ; 0 ; 0
2096188704 ; 29.1934 ; 3.31055 ; 0 ; 0
2096230704 ; 33.0941 ; 3.31078 ; 0 ; 0
2096277704 ; 31.9984 ; 3.30986 ; 0 ; 0
2096318704 ; 33.8283 ; 3.31039 ; 0 ; 0
2096362704 ; 34.1265 ; 3.31055 ; 0 ; 0
2096405704 ; 30.1199 ; 3.31017 ; 0 ; 0
2096446704 ; 33.3535 ; 3.311 ; 0 ; 0
2096490704 ; 33.1014 ; 3.31245 ; 0 ; 0
2096531704 ; 7.55677 ; 3.3075 ; 0 ; 0
2096573704 ; 32.097 ; 3.30963 ; 0 ; 0
2096617704 ; 30.3135 ; 3.3123 ; 0 ; 0
2096659704 ; 32.8506 ; 3.31078 ; 0 ; 0
2096697704 ; 30.5119 ; 3.30856 ; 0 ; 0
2096740704 ; 32.3089 ; 3.31184 ; 0 ; 0
2096788704 ; 32.5 ; 3.31039 ; 0 ; 0
2096836704 ; 29.3967 ; 3.30971 ; 0 ; 0
2096881704 ; 32.3576 ; 3.31055 ; 0 ; 0
2096924704 ; 33.2414 ; 3.31253 ; 0 ; 0
2096967704 ; 7.56407 ; 3.30711 ; 0 ; 0
