#Time (us) ; Current (mA) ; Voltage (V) ; PC ; IRQ 
1123047520 ; 35.1353 ; 3.31177 ; 0 ; 0
1123105520 ; 36.7301 ; 3.31116 ; 0 ; 0
1123152520 ; 35.2497 ; 3.31093 ; 0 ; 0
1123209520 ; 30.8608 ; 3.31177 ; 0 ; 0
1123258520 ; 34.2843 ; 3.31306 ; 0 ; 0
1123320520 ; 35.0184 ; 3.31055 ; 0 ; 0
1123380520 ; 35.8694 ; 3.31131 ; 0 ; 0
1123428520 ; 7.20801 ; 3.30856 ; 0 ; 0
1123479520 ; 7.22141 ; 3.30513 ; 0 ; 0
1123525520 ; 7.21654 ; 3.30612 ; 0 ; 0
1123582520 ; 35.408 ; 3.31116 ; 0 ; 0
1123629520 ; 36.1993 ; 3.312 ; 0 ; 0
1123681520 ; 28.113 ; 3.31009 ; 0 ; 0
1123729520 ; 35.0391 ; 3.31184 ; 0 ; 0
1123779520 ; 36.2675 ; 3.31299 ; 0 ; 0
1123828520 ; 7.21167 ; 3.30643 ; 0 ; 0
1123882520 ; 30.6428 ; 3.31276 ; 0 ; 0
1123932520 ; 35.9838 ; 3.31177 ; 0 ; 0
1123986520 ; 7.20923 ; 3.30559 ; 0 ; 0
1124032520 ; 7.21532 ; 3.30574 ; 0 ; 0
1124101520 ; 28.5841 ; 3.30612 ; 0 ; 0
1124146520 ; 36.1859 ; 3.31291 ; 0 ; 0
1124201520 ; 35.7075 ; 3.31116 ; 0 ; 0
1124244520 ; 33.9787 ; 3.30902 ; 0 ; 0
1124297520 ; 36.4672 ; 3.31177 ; 0 ; 0
1124346520 ; 36.5706 ; 3.3123 ; 0 ; 0
1124404520 ; 34.4559 ; 3.31276 ; 0 ; 0
1124443520 ; 35.2083 ; 3.31299 ; 0 ; 0
1124504520 ; 35.408 ; 3.31238 ; 0 ; 0
1124552520 ; 7.22628 ; 3.30544 ; 0 ; 0
1124607520 ; 7.22019 ; 3.30788 ; 0 ; 0
1124648520 ; 33.5733 ; 3.31161 ; 0 ; 0
1124700520 ; 34.7761 ; 3.31284 ; 0 ; 0
1124749520 ; 35.1584 ; 3.31184 ; 0 ; 0
1124807520 ; 35.8913 ; 3.31223 ; 0 ; 0
1124852520 ; 36.2529 ; 3.31161 ; 0 ; 0
1124909520 ; 35.4542 ; 3.31093 ; 0 ; 0
1124949520 ; 30.7061 ; 3.31131 ; 0 ; 0
1125002520 ; 36.1433 ; 3.31299 ; 0 ; 0
1125052520 ; 7.22262 ; 3.30544 ; 0 ; 0
1125114520 ; 7.22384 ; 3.30566 ; 0 ; 0
1125163520 ; 30.3202 ; 3.31039 ; 0 ; 0
1125216520 ; 35.9035 ; 3.31123 ; 0 ; 0
1125262520 ; 36.6912 ; 3.31108 ; 0 ; 0
1125316520 ; 34.9429 ; 3.31306 ; 0 ; 0
1125379520 ; 29.8685 ; 3.31116 ; 0 ; 0
1125425520 ; 35.6904 ; 3.31001 ; 0 ; 0
1125479520 ; 35.229 ; 3.31261 ; 0 ; 0
1125526520 ; 36.1007 ; 3.31375 ; 0 ; 0
1125587520 ; 7.22141 ; 3.30551 ; 0 ; 0
1125635520 ; 7.21775 ; 3.30551 ; 0 ; 0
1125700520 ; 36.2517 ; 3.311 ; 0 ; 0
1125743520 ; 35.061 ; 3.31161 ; 0 ; 0
1125796520 ; 34.8151 ; 3.30887 ; 0 ; 0
1125838520 ; 35.5662 ; 3.31108 ; 0 ; 0
1125890520 ; 35.33 ; 3.31192 ; 0 ; 0
1125933520 ; 34.4912 ; 3.30833 ; 0 ; 0
1125986520 ; 36.2894 ; 3.31215 ; 0 ; 0
1126032520 ; 29.5788 ; 3.31161 ; 0 ; 0
1126085520 ; 7.22019 ; 3.30551 ; 0 ; 0
1126132520 ; 7.52577 ; 3.30719 ; 0 ; 0
1126192520 ; 35.1913 ; 3.312 ; 0 ; 0
1126245520 ; 35.3154 ; 3.31207 ; 0 ; 0
1126304520 ; 33.8484 ; 3.30803 ; 0 ; 0
1126352520 ; 36.3527 ; 3.31177 ; 0 ; 0
1126401520 ; 36.3101 ; 3.31314 ; 0 ; 0
1126445520 ; 34.5789 ; 3.31009 ; 0 ; 0
1126501520 ; 35.4883 ; 3.31116 ; 0 ; 0
1126548520 ; 36.7167 ; 3.31223 ; 0 ; 0
1126600520 ; 7.22141 ; 3.30666 ; 0 ; 0
1126642520 ; 29.0017 ; 3.30795 ; 0 ; 0
1126701520 ; 34.2952 ; 3.31131 ; 0 ; 0
1126754520 ; 34.4291 ; 3.311 ; 0 ; 0
1126807520 ; 7.22019 ; 3.30841 ; 0 ; 0
1126854520 ; 35.229 ; 3.31139 ; 0 ; 0
1126914520 ; 35.9984 ; 3.31139 ; 0 ; 0
1126949520 ; 7.20314 ; 3.30681 ; 0 ; 0
1127005520 ; 36.2066 ; 3.31192 ; 0 ; 0
1127053520 ; 33.2226 ; 3.31169 ; 0 ; 0
1127109520 ; 7.21654 ; 3.30551 ; 0 ; 0
1127155520 ; 29.4424 ; 3.30765 ; 0 ; 0
1127208520 ; 33.4795 ; 3.31154 ; 0 ; 0
1127250520 ; 35.4968 ; 3.31139 ; 0 ; 0
1127305520 ; 35.957 ; 3.31177 ; 0 ; 0
1127359520 ; 34.5484 ; 3.31284 ; 0 ; 0
1127421520 ; 36.4294 ; 3.31169 ; 0 ; 0
1127483520 ; 29.6007 ; 3.31116 ; 0 ; 0
1127530520 ; 31.1797 ; 3.31154 ; 0 ; 0
1127581520 ; 35.5614 ; 3.31139 ; 0 ; 0
1127626520 ; 7.21045 ; 3.30589 ; 0 ; 0
1127674520 ; 7.22019 ; 3.30627 ; 0 ; 0
1127723520 ; 30.2058 ; 3.31093 ; 0 ; 0
1127781520 ; 36.1798 ; 3.31154 ; 0 ; 0
1127828520 ; 7.20801 ; 3.30635 ; 0 ; 0
1127877520 ; 35.1304 ; 3.31314 ; 0 ; 0
1127923520 ; 30.1279 ; 3.31146 ; 0 ; 0
1127971520 ; 29.1648 ; 3.30704 ; 0 ; 0
1128023520 ; 35.6636 ; 3.31337 ; 0 ; 0
1128073520 ; 35.6198 ; 3.31116 ; 0 ; 0
1128123520 ; 7.2068 ; 3.30559 ; 0 ; 0
1128173520 ; 29.9623 ; 3.30872 ; 0 ; 0
1128223520 ; 35.5468 ; 3.31276 ; 0 ; 0
1128277520 ; 35.4384 ; 3.31169 ; 0 ; 0
1128324520 ; 35.0525 ; 3.31146 ; 0 ; 0
1128383520 ; 29.8466 ; 3.31253 ; 0 ; 0
1128436520 ; 35.1133 ; 3.31169 ; 0 ; 0
1128486520 ; 34.2867 ; 3.30917 ; 0 ; 0
1128532520 ; 35.7586 ; 3.31215 ; 0 ; 0
1128582520 ; 30.3458 ; 3.31276 ; 0 ; 0
1128626520 ; 7.21532 ; 3.30605 ; 0 ; 0
1128680520 ; 7.22262 ; 3.30742 ; 0 ; 0
1128734520 ; 35.0026 ; 3.31055 ; 0 ; 0
1128799520 ; 35.6235 ; 3.31108 ; 0 ; 0
1128854520 ; 30.8985 ; 3.30688 ; 0 ; 0
1128907520 ; 35.5224 ; 3.31116 ; 0 ; 0
1128950520 ; 36.2809 ; 3.31192 ; 0 ; 0
1129005520 ; 33.9507 ; 3.31146 ; 0 ; 0
1129048520 ; 34.6105 ; 3.31154 ; 0 ; 0
1129102520 ; 35.1925 ; 3.31177 ; 0 ; 0
1129148520 ; 7.19949 ; 3.30521 ; 0 ; 0
1129203520 ; 28.561 ; 3.30727 ; 0 ; 0
1129254520 ; 34.3707 ; 3.31169 ; 0 ; 0
1129312520 ; 35.9729 ; 3.31055 ; 0 ; 0
1129363520 ; 34.0517 ; 3.30925 ; 0 ; 0
1129416520 ; 36.3868 ; 3.31161 ; 0 ; 0
1129463520 ; 36.3673 ; 3.31169 ; 0 ; 0
1129514520 ; 35.6697 ; 3.31177 ; 0 ; 0
1129557520 ; 34.7724 ; 3.31169 ; 0 ; 0
1129618520 ; 35.1353 ; 3.31116 ; 0 ; 0
1129669520 ; 7.22262 ; 3.30513 ; 0 ; 0
1129720520 ; 7.22871 ; 3.30582 ; 0 ; 0
1129792520 ; 35.0914 ; 3.31146 ; 0 ; 0
1129850520 ; 28.8118 ; 3.31062 ; 0 ; 0
1129914520 ; 36.2675 ; 3.3107 ; 0 ; 0
1129966520 ; 35.6186 ; 3.31184 ; 0 ; 0
1130025520 ; 34.8552 ; 3.31238 ; 0 ; 0
1130090520 ; 30.3409 ; 3.311 ; 0 ; 0
1130138520 ; 31.814 ; 3.31154 ; 0 ; 0
1130195520 ; 7.22384 ; 3.30498 ; 0 ; 0
1130243520 ; 7.21167 ; 3.30597 ; 0 ; 0
1130295520 ; 36.175 ; 3.31085 ; 0 ; 0
1130348520 ; 34.4243 ; 3.31139 ; 0 ; 0
1130410520 ; 7.22384 ; 3.30475 ; 0 ; 0
1130452520 ; 7.22141 ; 3.30513 ; 0 ; 0
1130510520 ; 28.9238 ; 3.31055 ; 0 ; 0
1130558520 ; 34.7347 ; 3.31177 ; 0 ; 0
1130611520 ; 7.20923 ; 3.30475 ; 0 ; 0
1130659520 ; 7.20801 ; 3.30597 ; 0 ; 0
1130721520 ; 28.1787 ; 3.31238 ; 0 ; 0
1130758520 ; 36.1238 ; 3.311 ; 0 ; 0
1130822520 ; 7.22384 ; 3.30536 ; 0 ; 0
1130870520 ; 7.19097 ; 3.3065 ; 0 ; 0
1130919520 ; 35.5967 ; 3.30933 ; 0 ; 0
1130966520 ; 35.7598 ; 3.31116 ; 0 ; 0
1131017520 ; 7.20801 ; 3.30498 ; 0 ; 0
1131063520 ; 7.22019 ; 3.30734 ; 0 ; 0
1131116520 ; 7.21532 ; 3.30711 ; 0 ; 0
1131158520 ; 7.27132 ; 3.30818 ; 0 ; 0
1131209520 ; 7.29567 ; 3.3065 ; 0 ; 0
1131259520 ; 7.30419 ; 3.30551 ; 0 ; 0
1131320520 ; 26.0335 ; 3.31085 ; 0 ; 0
1131380520 ; 35.7221 ; 3.31123 ; 0 ; 0
1131427520 ; 7.22262 ; 3.30513 ; 0 ; 0
1131479520 ; 7.22384 ; 3.30605 ; 0 ; 0
1131529520 ; 34.7493 ; 3.31078 ; 0 ; 0
1131581520 ; 29.3402 ; 3.3091 ; 0 ; 0
1131629520 ; 7.22993 ; 3.30811 ; 0 ; 0
1131679520 ; 7.2141 ; 3.30681 ; 0 ; 0
1131732520 ; 35.2217 ; 3.3107 ; 0 ; 0
1131790520 ; 28.4989 ; 3.30643 ; 0 ; 0
1131836520 ; 7.21654 ; 3.30612 ; 0 ; 0
1131887520 ; 7.20193 ; 3.30498 ; 0 ; 0
1131937520 ; 35.6502 ; 3.311 ; 0 ; 0
1131991520 ; 28.2311 ; 3.30963 ; 0 ; 0
1132041520 ; 30.028 ; 3.30795 ; 0 ; 0
1132096520 ; 7.21045 ; 3.30559 ; 0 ; 0
1132140520 ; 35.6198 ; 3.31108 ; 0 ; 0
1132202520 ; 28.4745 ; 3.31177 ; 0 ; 0
1132243520 ; 28.9737 ; 3.31131 ; 0 ; 0
1132296520 ; 7.22871 ; 3.30444 ; 0 ; 0
1132352520 ; 35.9412 ; 3.30994 ; 0 ; 0
1132407520 ; 33.9799 ; 3.31261 ; 0 ; 0
1132457520 ; 7.22993 ; 3.30673 ; 0 ; 0
1132512520 ; 7.22141 ; 3.30559 ; 0 ; 0
1132556520 ; 35.6161 ; 3.30963 ; 0 ; 0
1132611520 ; 28.8373 ; 3.31085 ; 0 ; 0
1132664520 ; 29.2379 ; 3.311 ; 0 ; 0
1132724520 ; 7.22506 ; 3.30612 ; 0 ; 0
1132770520 ; 36.2675 ; 3.31139 ; 0 ; 0
1132817520 ; 35.7233 ; 3.31078 ; 0 ; 0
1132858520 ; 36.1896 ; 3.31291 ; 0 ; 0
1132911520 ; 7.20923 ; 3.30475 ; 0 ; 0
1132953520 ; 7.28471 ; 3.30887 ; 0 ; 0
1133007520 ; 7.23358 ; 3.30933 ; 0 ; 0
1133061520 ; 30.7573 ; 3.31062 ; 0 ; 0
1133111520 ; 7.21288 ; 3.30467 ; 0 ; 0
1133153520 ; 30.7159 ; 3.30727 ; 0 ; 0
1133212520 ; 30.2362 ; 3.30971 ; 0 ; 0
1133266520 ; 35.0707 ; 3.30948 ; 0 ; 0
1133328520 ; 7.21897 ; 3.30414 ; 0 ; 0
1133387520 ; 7.25671 ; 3.3075 ; 0 ; 0
1133440520 ; 36.7411 ; 3.31085 ; 0 ; 0
1133494520 ; 30.0889 ; 3.31078 ; 0 ; 0
1133538520 ; 7.22019 ; 3.30513 ; 0 ; 0
1133593520 ; 7.27863 ; 3.30902 ; 0 ; 0
1133638520 ; 7.22993 ; 3.30544 ; 0 ; 0
1133692520 ; 28.8373 ; 3.31131 ; 0 ; 0
1133747520 ; 7.21897 ; 3.30429 ; 0 ; 0
1133813520 ; 35.8511 ; 3.30765 ; 0 ; 0
1133864520 ; 35.6429 ; 3.31078 ; 0 ; 0
1133931520 ; 30.0122 ; 3.30688 ; 0 ; 0
1133972520 ; 7.21532 ; 3.3065 ; 0 ; 0
1134024520 ; 35.5687 ; 3.30818 ; 0 ; 0
1134070520 ; 36.153 ; 3.312 ; 0 ; 0
1134124520 ; 29.1588 ; 3.31131 ; 0 ; 0
1134173520 ; 7.22749 ; 3.30666 ; 0 ; 0
1134226520 ; 16.8028 ; 3.30734 ; 0 ; 0
1134274520 ; 36.0386 ; 3.31116 ; 0 ; 0
1134327520 ; 36.1737 ; 3.31062 ; 0 ; 0
1134384520 ; 7.21654 ; 3.30498 ; 0 ; 0
1134436520 ; 28.0618 ; 3.30948 ; 0 ; 0
1134482520 ; 7.30663 ; 3.30658 ; 0 ; 0
1134532520 ; 28.9043 ; 3.31039 ; 0 ; 0
1134582520 ; 7.29202 ; 3.30505 ; 0 ; 0
1134631520 ; 7.30785 ; 3.30551 ; 0 ; 0
1134679520 ; 35.117 ; 3.312 ; 0 ; 0
1134734520 ; 35.0817 ; 3.30925 ; 0 ; 0
1134785520 ; 7.21897 ; 3.30467 ; 0 ; 0
1134833520 ; 29.9063 ; 3.30826 ; 0 ; 0
1134884520 ; 34.389 ; 3.31123 ; 0 ; 0
1134931520 ; 11.0674 ; 3.31154 ; 0 ; 0
1134979520 ; 7.23236 ; 3.30772 ; 0 ; 0
1135029520 ; 7.20801 ; 3.30452 ; 0 ; 0
1135077520 ; 35.5224 ; 3.31093 ; 0 ; 0
1135131520 ; 35.873 ; 3.31261 ; 0 ; 0
1135176520 ; 34.042 ; 3.31139 ; 0 ; 0
1135225520 ; 7.23723 ; 3.30421 ; 0 ; 0
1135275520 ; 30.5065 ; 3.30734 ; 0 ; 0
1135329520 ; 36.2431 ; 3.30986 ; 0 ; 0
1135398520 ; 7.22628 ; 3.30772 ; 0 ; 0
1135456520 ; 7.22384 ; 3.30582 ; 0 ; 0
1135509520 ; 36.4927 ; 3.31215 ; 0 ; 0
1135553520 ; 35.6052 ; 3.3107 ; 0 ; 0
1135601520 ; 29.0005 ; 3.31108 ; 0 ; 0
1135657520 ; 7.21654 ; 3.30521 ; 0 ; 0
1135710520 ; 35.6101 ; 3.3094 ; 0 ; 0
1135766520 ; 34.8041 ; 3.31078 ; 0 ; 0
1135819520 ; 28.852 ; 3.30666 ; 0 ; 0
1135860520 ; 7.21775 ; 3.30475 ; 0 ; 0
1135914520 ; 35.1097 ; 3.30742 ; 0 ; 0
1135970520 ; 35.5881 ; 3.31093 ; 0 ; 0
1136029520 ; 28.4733 ; 3.30635 ; 0 ; 0
1136086520 ; 7.20558 ; 3.3046 ; 0 ; 0
1136131520 ; 34.9928 ; 3.30971 ; 0 ; 0
1136180520 ; 35.705 ; 3.31177 ; 0 ; 0
1136233520 ; 23.8275 ; 3.31039 ; 0 ; 0
1136288520 ; 7.23236 ; 3.30414 ; 0 ; 0
1136334520 ; 33.2786 ; 3.30727 ; 0 ; 0
1136401520 ; 30.448 ; 3.31291 ; 0 ; 0
1136447520 ; 7.21775 ; 3.30696 ; 0 ; 0
1136517520 ; 7.21897 ; 3.30635 ; 0 ; 0
1136568520 ; 34.9405 ; 3.31131 ; 0 ; 0
1136621520 ; 7.22506 ; 3.3065 ; 0 ; 0
1136667520 ; 7.22506 ; 3.30711 ; 0 ; 0
1136721520 ; 29.3414 ; 3.30673 ; 0 ; 0
1136767520 ; 34.5777 ; 3.31093 ; 0 ; 0
1136820520 ; 35.7622 ; 3.31284 ; 0 ; 0
1136870520 ; 7.2068 ; 3.30444 ; 0 ; 0
1136921520 ; 29.9452 ; 3.30688 ; 0 ; 0
1136971520 ; 37.0065 ; 3.31131 ; 0 ; 0
1137031520 ; 7.2835 ; 3.30559 ; 0 ; 0
1137081520 ; 14.4093 ; 3.30711 ; 0 ; 0
1137136520 ; 35.2144 ; 3.31169 ; 0 ; 0
1137196520 ; 34.2562 ; 3.31139 ; 0 ; 0
1137244520 ; 7.22871 ; 3.30681 ; 0 ; 0
1137298520 ; 34.7785 ; 3.31131 ; 0 ; 0
1137359520 ; 7.22993 ; 3.30795 ; 0 ; 0
1137417520 ; 7.21775 ; 3.30627 ; 0 ; 0
1137470520 ; 30.8084 ; 3.31108 ; 0 ; 0
1137528520 ; 34.283 ; 3.31055 ; 0 ; 0
1137580520 ; 7.21288 ; 3.3049 ; 0 ; 0
1137631520 ; 35.5553 ; 3.31062 ; 0 ; 0
1137679520 ; 30.3896 ; 3.31207 ; 0 ; 0
1137729520 ; 7.22628 ; 3.30513 ; 0 ; 0
1137795520 ; 7.20801 ; 3.30612 ; 0 ; 0
1137841520 ; 7.29811 ; 3.30666 ; 0 ; 0
1137893520 ; 34.3756 ; 3.31169 ; 0 ; 0
1137943520 ; 7.28958 ; 3.30467 ; 0 ; 0
1138002520 ; 36.0057 ; 3.31085 ; 0 ; 0
1138045520 ; 34.8199 ; 3.31017 ; 0 ; 0
1138097520 ; 7.20558 ; 3.30536 ; 0 ; 0
1138143520 ; 7.2141 ; 3.30536 ; 0 ; 0
1138196520 ; 34.7164 ; 3.31139 ; 0 ; 0
1138240520 ; 35.4676 ; 3.31161 ; 0 ; 0
1138299520 ; 7.22262 ; 3.30498 ; 0 ; 0
1138353520 ; 36.8178 ; 3.31062 ; 0 ; 0
1138406520 ; 34.9112 ; 3.311 ; 0 ; 0
1138455520 ; 7.20801 ; 3.3075 ; 0 ; 0
1138512520 ; 7.21045 ; 3.30566 ; 0 ; 0
1138555520 ; 35.6015 ; 3.31261 ; 0 ; 0
1138616520 ; 7.21775 ; 3.30826 ; 0 ; 0
1138668520 ; 7.22019 ; 3.30521 ; 0 ; 0
1138718520 ; 35.8158 ; 3.31131 ; 0 ; 0
1138762520 ; 30.6879 ; 3.31108 ; 0 ; 0
1138815520 ; 7.29932 ; 3.30559 ; 0 ; 0
1138860520 ; 7.29932 ; 3.30559 ; 0 ; 0
1138913520 ; 34.5655 ; 3.31085 ; 0 ; 0
1138961520 ; 35.6892 ; 3.31154 ; 0 ; 0
1139014520 ; 7.22628 ; 3.30559 ; 0 ; 0
1139060520 ; 7.22871 ; 3.30666 ; 0 ; 0
1139109520 ; 35.7842 ; 3.31108 ; 0 ; 0
1139152520 ; 34.7225 ; 3.31123 ; 0 ; 0
1139212520 ; 7.22141 ; 3.30544 ; 0 ; 0
1139267520 ; 34.9125 ; 3.31078 ; 0 ; 0
1139317520 ; 36.1092 ; 3.31253 ; 0 ; 0
1139388520 ; 7.22384 ; 3.3049 ; 0 ; 0
1139437520 ; 7.23115 ; 3.30711 ; 0 ; 0
1139486520 ; 7.21532 ; 3.30681 ; 0 ; 0
1139543520 ; 35.4664 ; 3.31024 ; 0 ; 0
1139601520 ; 7.21532 ; 3.30482 ; 0 ; 0
1139655520 ; 7.21532 ; 3.30635 ; 0 ; 0
1139707520 ; 35.8876 ; 3.31055 ; 0 ; 0
1139751520 ; 35.3386 ; 3.31085 ; 0 ; 0
1139808520 ; 30.7159 ; 3.31207 ; 0 ; 0
1139866520 ; 7.22871 ; 3.3049 ; 0 ; 0
1139928520 ; 7.22141 ; 3.3049 ; 0 ; 0
1139984520 ; 7.22871 ; 3.30856 ; 0 ; 0
1140032520 ; 7.22141 ; 3.3062 ; 0 ; 0
1140078520 ; 7.22141 ; 3.30734 ; 0 ; 0
1140131520 ; 29.132 ; 3.30696 ; 0 ; 0
1140178520 ; 7.22384 ; 3.3065 ; 0 ; 0
1140233520 ; 7.22871 ; 3.30856 ; 0 ; 0
1140287520 ; 34.9027 ; 3.30879 ; 0 ; 0
1140356520 ; 7.20558 ; 3.3046 ; 0 ; 0
1140409520 ; 7.21775 ; 3.30727 ; 0 ; 0
1140457520 ; 35.7854 ; 3.30971 ; 0 ; 0
1140507520 ; 35.4262 ; 3.31108 ; 0 ; 0
1140551520 ; 30.4967 ; 3.31161 ; 0 ; 0
1140604520 ; 7.29202 ; 3.30421 ; 0 ; 0
1140650520 ; 7.30663 ; 3.30696 ; 0 ; 0
1140704520 ; 7.22141 ; 3.30521 ; 0 ; 0
1140758520 ; 34.8053 ; 3.3094 ; 0 ; 0
1140807520 ; 35.9875 ; 3.31047 ; 0 ; 0
1140847520 ; 7.22384 ; 3.30482 ; 0 ; 0
1140899520 ; 7.2141 ; 3.30391 ; 0 ; 0
1140945520 ; 7.20923 ; 3.30612 ; 0 ; 0
1141005520 ; 35.2095 ; 3.30986 ; 0 ; 0
1141055520 ; 35.7257 ; 3.31253 ; 0 ; 0
1141104520 ; 7.23115 ; 3.30627 ; 0 ; 0
1141148520 ; 7.20558 ; 3.30742 ; 0 ; 0
1141198520 ; 7.21045 ; 3.30772 ; 0 ; 0
1141247520 ; 7.20071 ; 3.3065 ; 0 ; 0
1141307520 ; 35.0549 ; 3.31047 ; 0 ; 0
1141365520 ; 7.22628 ; 3.30635 ; 0 ; 0
1141415520 ; 7.21897 ; 3.30521 ; 0 ; 0
1141459520 ; 7.22506 ; 3.30627 ; 0 ; 0
1141514520 ; 34.7298 ; 3.311 ; 0 ; 0
1141557520 ; 35.9278 ; 3.31062 ; 0 ; 0
1141608520 ; 7.21167 ; 3.30429 ; 0 ; 0
1141650520 ; 7.20071 ; 3.30704 ; 0 ; 0
1141712520 ; 7.21045 ; 3.30551 ; 0 ; 0
1141759520 ; 36.5025 ; 3.30971 ; 0 ; 0
1141816520 ; 34.9867 ; 3.31085 ; 0 ; 0
1141859520 ; 7.22993 ; 3.30467 ; 0 ; 0
1141912520 ; 29.9465 ; 3.3078 ; 0 ; 0
1141956520 ; 36.3503 ; 3.31062 ; 0 ; 0
1142007520 ; 35.828 ; 3.31215 ; 0 ; 0
1142056520 ; 35.2205 ; 3.311 ; 0 ; 0
1142109520 ; 7.22506 ; 3.3062 ; 0 ; 0
1142152520 ; 7.23845 ; 3.30605 ; 0 ; 0
1142203520 ; 7.29811 ; 3.30452 ; 0 ; 0
1142257520 ; 35.6916 ; 3.311 ; 0 ; 0
1142307520 ; 36.2249 ; 3.31131 ; 0 ; 0
1142374520 ; 7.21288 ; 3.30589 ; 0 ; 0
1142433520 ; 29.0151 ; 3.30612 ; 0 ; 0
1142496520 ; 35.3154 ; 3.30933 ; 0 ; 0
1142543520 ; 35.5784 ; 3.31184 ; 0 ; 0
1142596520 ; 7.22506 ; 3.30933 ; 0 ; 0
1142642520 ; 28.9786 ; 3.30742 ; 0 ; 0
1142702520 ; 29.384 ; 3.30605 ; 0 ; 0
1142747520 ; 35.1998 ; 3.31055 ; 0 ; 0
1142805520 ; 34.4267 ; 3.311 ; 0 ; 0
1142859520 ; 7.21167 ; 3.30482 ; 0 ; 0
1142924520 ; 17.1619 ; 3.30597 ; 0 ; 0
1142964520 ; 35.4372 ; 3.31184 ; 0 ; 0
1143014520 ; 34.1796 ; 3.311 ; 0 ; 0
1143055520 ; 35.4092 ; 3.31116 ; 0 ; 0
1143105520 ; 7.21532 ; 3.3049 ; 0 ; 0
1143164520 ; 30.2472 ; 3.30757 ; 0 ; 0
1143216520 ; 34.2307 ; 3.31116 ; 0 ; 0
1143269520 ; 11.4131 ; 3.30643 ; 0 ; 0
1143317520 ; 7.22993 ; 3.30826 ; 0 ; 0
1143374520 ; 29.4899 ; 3.30856 ; 0 ; 0
1143432520 ; 36.7411 ; 3.31154 ; 0 ; 0
1143470520 ; 36.1774 ; 3.31276 ; 0 ; 0
1143522520 ; 29.0151 ; 3.31131 ; 0 ; 0
1143568520 ; 7.23115 ; 3.30482 ; 0 ; 0
1143621520 ; 7.22384 ; 3.30482 ; 0 ; 0
1143672520 ; 7.22628 ; 3.30513 ; 0 ; 0
1143733520 ; 30.2764 ; 3.31085 ; 0 ; 0
1143770520 ; 7.21167 ; 3.30521 ; 0 ; 0
1143826520 ; 7.22384 ; 3.30811 ; 0 ; 0
1143867520 ; 34.9137 ; 3.31024 ; 0 ; 0
1143922520 ; 28.7582 ; 3.31001 ; 0 ; 0
1143967520 ; 7.21045 ; 3.30711 ; 0 ; 0
1144026520 ; 7.23236 ; 3.30582 ; 0 ; 0
1144069520 ; 35.9729 ; 3.31146 ; 0 ; 0
1144126520 ; 35.5492 ; 3.31108 ; 0 ; 0
1144182520 ; 29.7395 ; 3.30666 ; 0 ; 0
1144243520 ; 30.7597 ; 3.30811 ; 0 ; 0
1144303520 ; 30.7755 ; 3.31078 ; 0 ; 0
1144364520 ; 29.1393 ; 3.311 ; 0 ; 0
1144426520 ; 7.20801 ; 3.30528 ; 0 ; 0
1144480520 ; 7.20801 ; 3.30505 ; 0 ; 0
1144532520 ; 36.1786 ; 3.31131 ; 0 ; 0
1144578520 ; 36.4939 ; 3.31062 ; 0 ; 0
1144635520 ; 7.22019 ; 3.30475 ; 0 ; 0
1144683520 ; 15.2213 ; 3.30879 ; 0 ; 0
1144737520 ; 35.8852 ; 3.30864 ; 0 ; 0
1144782520 ; 29.261 ; 3.31161 ; 0 ; 0
1144841520 ; 7.22628 ; 3.30452 ; 0 ; 0
1144885520 ; 29.3767 ; 3.30742 ; 0 ; 0
1144936520 ; 7.21654 ; 3.30841 ; 0 ; 0
1144992520 ; 28.8361 ; 3.31078 ; 0 ; 0
1145040520 ; 7.22506 ; 3.30429 ; 0 ; 0
1145089520 ; 7.22384 ; 3.3078 ; 0 ; 0
1145137520 ; 34.227 ; 3.31093 ; 0 ; 0
1145182520 ; 7.4369 ; 3.31017 ; 0 ; 0
1145232520 ; 29.3901 ; 3.30856 ; 0 ; 0
1145276520 ; 7.20558 ; 3.30399 ; 0 ; 0
1145325520 ; 34.8394 ; 3.30963 ; 0 ; 0
1145389520 ; 9.11699 ; 3.31055 ; 0 ; 0
1145442520 ; 29.9075 ; 3.30872 ; 0 ; 0
1145490520 ; 7.22384 ; 3.30513 ; 0 ; 0
1145540520 ; 35.5041 ; 3.31131 ; 0 ; 0
1145588520 ; 35.9497 ; 3.31116 ; 0 ; 0
1145649520 ; 7.21775 ; 3.30902 ; 0 ; 0
1145706520 ; 7.21775 ; 3.30559 ; 0 ; 0
1145758520 ; 36.097 ; 3.311 ; 0 ; 0
1145807520 ; 34.9161 ; 3.31161 ; 0 ; 0
1145850520 ; 28.6255 ; 3.3123 ; 0 ; 0
1145901520 ; 7.20071 ; 3.30444 ; 0 ; 0
1145950520 ; 7.2141 ; 3.30597 ; 0 ; 0
1146002520 ; 36.0897 ; 3.30963 ; 0 ; 0
1146049520 ; 30.1607 ; 3.31146 ; 0 ; 0
1146100520 ; 7.21654 ; 3.30414 ; 0 ; 0
1146145520 ; 31.6984 ; 3.30734 ; 0 ; 0
1146193520 ; 7.22506 ; 3.30757 ; 0 ; 0
1146248520 ; 36.1153 ; 3.30948 ; 0 ; 0
1146303520 ; 7.22628 ; 3.30666 ; 0 ; 0
1146368520 ; 7.22262 ; 3.30582 ; 0 ; 0
1146427520 ; 34.8723 ; 3.31085 ; 0 ; 0
1146471520 ; 36.1263 ; 3.31253 ; 0 ; 0
1146525520 ; 7.23602 ; 3.30513 ; 0 ; 0
1146584520 ; 34.8966 ; 3.3078 ; 0 ; 0
1146643520 ; 34.2416 ; 3.31116 ; 0 ; 0
1146686520 ; 35.5005 ; 3.31123 ; 0 ; 0
1146739520 ; 7.21775 ; 3.30429 ; 0 ; 0
1146786520 ; 31.8299 ; 3.30742 ; 0 ; 0
1146844520 ; 35.1888 ; 3.312 ; 0 ; 0
1146886520 ; 35.5078 ; 3.31291 ; 0 ; 0
1146946520 ; 7.19706 ; 3.30521 ; 0 ; 0
1147004520 ; 34.9027 ; 3.30742 ; 0 ; 0
1147049520 ; 35.845 ; 3.3107 ; 0 ; 0
1147099520 ; 36.2577 ; 3.31093 ; 0 ; 0
1147147520 ; 7.21775 ; 3.30597 ; 0 ; 0
1147196520 ; 7.22871 ; 3.30551 ; 0 ; 0
1147247520 ; 7.22141 ; 3.30956 ; 0 ; 0
1147294520 ; 36.0483 ; 3.30841 ; 0 ; 0
1147351520 ; 7.20314 ; 3.3049 ; 0 ; 0
1147405520 ; 7.21532 ; 3.30627 ; 0 ; 0
1147450520 ; 34.5119 ; 3.31268 ; 0 ; 0
1147506520 ; 36.2711 ; 3.31108 ; 0 ; 0
1147557520 ; 7.22262 ; 3.3065 ; 0 ; 0
1147609520 ; 7.19584 ; 3.30795 ; 0 ; 0
1147659520 ; 34.2051 ; 3.31085 ; 0 ; 0
1147716520 ; 36.0739 ; 3.31192 ; 0 ; 0
1147761520 ; 7.28471 ; 3.30521 ; 0 ; 0
1147815520 ; 29.6506 ; 3.30605 ; 0 ; 0
1147861520 ; 36.2395 ; 3.31085 ; 0 ; 0
1147913520 ; 7.22749 ; 3.30788 ; 0 ; 0
1147959520 ; 7.22506 ; 3.30566 ; 0 ; 0
1148009520 ; 7.22506 ; 3.30498 ; 0 ; 0
1148055520 ; 30.028 ; 3.30864 ; 0 ; 0
1148104520 ; 35.4128 ; 3.31192 ; 0 ; 0
1148151520 ; 35.8231 ; 3.31123 ; 0 ; 0
1148201520 ; 7.21045 ; 3.30467 ; 0 ; 0
1148255520 ; 29.4875 ; 3.30612 ; 0 ; 0
1148308520 ; 35.8 ; 3.31024 ; 0 ; 0
1148360520 ; 35.481 ; 3.31123 ; 0 ; 0
1148411520 ; 7.21775 ; 3.30444 ; 0 ; 0
1148467520 ; 7.20801 ; 3.30589 ; 0 ; 0
1148524520 ; 35.7635 ; 3.31131 ; 0 ; 0
1148568520 ; 35.6028 ; 3.31078 ; 0 ; 0
1148624520 ; 7.2141 ; 3.3049 ; 0 ; 0
1148671520 ; 28.4173 ; 3.30582 ; 0 ; 0
1148733520 ; 35.5711 ; 3.31001 ; 0 ; 0
1148776520 ; 34.9819 ; 3.31017 ; 0 ; 0
1148833520 ; 7.20436 ; 3.30429 ; 0 ; 0
1148879520 ; 7.20801 ; 3.30582 ; 0 ; 0
1148931520 ; 35.0659 ; 3.30696 ; 0 ; 0
1148981520 ; 35.4421 ; 3.30994 ; 0 ; 0
1149031520 ; 7.22384 ; 3.30437 ; 0 ; 0
1149078520 ; 7.21288 ; 3.30582 ; 0 ; 0
1149130520 ; 7.2141 ; 3.30803 ; 0 ; 0
1149172520 ; 35.2448 ; 3.31032 ; 0 ; 0
1149224520 ; 7.21532 ; 3.3049 ; 0 ; 0
1149268520 ; 7.21897 ; 3.3062 ; 0 ; 0
1149320520 ; 35.761 ; 3.31047 ; 0 ; 0
1149373520 ; 29.815 ; 3.30917 ; 0 ; 0
1149425520 ; 7.30054 ; 3.30765 ; 0 ; 0
1149470520 ; 29.4558 ; 3.30986 ; 0 ; 0
1149521520 ; 28.3893 ; 3.30795 ; 0 ; 0
1149562520 ; 7.32002 ; 3.30574 ; 0 ; 0
1149613520 ; 35.3215 ; 3.31001 ; 0 ; 0
1149657520 ; 35.733 ; 3.31276 ; 0 ; 0
1149718520 ; 7.21045 ; 3.30444 ; 0 ; 0
1149762520 ; 29.86 ; 3.3075 ; 0 ; 0
1149819520 ; 7.23358 ; 3.30544 ; 0 ; 0
1149866520 ; 35.5127 ; 3.30994 ; 0 ; 0
1149915520 ; 7.20314 ; 3.30429 ; 0 ; 0
1149957520 ; 7.21532 ; 3.30582 ; 0 ; 0
1150011520 ; 7.2141 ; 3.30757 ; 0 ; 0
1150057520 ; 7.22871 ; 3.30894 ; 0 ; 0
1150107520 ; 7.22384 ; 3.30719 ; 0 ; 0
1150157520 ; 7.22141 ; 3.30605 ; 0 ; 0
1150206520 ; 35.1158 ; 3.31131 ; 0 ; 0
1150252520 ; 7.23358 ; 3.30811 ; 0 ; 0
1150305520 ; 7.20923 ; 3.3049 ; 0 ; 0
1150359520 ; 7.21775 ; 3.30643 ; 0 ; 0
1150418520 ; 7.22506 ; 3.30681 ; 0 ; 0
1150474520 ; 35.0841 ; 3.31055 ; 0 ; 0
1150528520 ; 7.20436 ; 3.30475 ; 0 ; 0
1150569520 ; 7.21532 ; 3.3062 ; 0 ; 0
1150633520 ; 35.7002 ; 3.31062 ; 0 ; 0
1150681520 ; 35.1559 ; 3.31253 ; 0 ; 0
1150733520 ; 7.23236 ; 3.30437 ; 0 ; 0
1150777520 ; 7.31758 ; 3.30765 ; 0 ; 0
1150832520 ; 35.9327 ; 3.31062 ; 0 ; 0
1150874520 ; 35.6295 ; 3.31055 ; 0 ; 0
1150938520 ; 7.30176 ; 3.30513 ; 0 ; 0
1150987520 ; 29.272 ; 3.30818 ; 0 ; 0
1151043520 ; 35.7026 ; 3.31146 ; 0 ; 0
1151097520 ; 7.22506 ; 3.30643 ; 0 ; 0
1151146520 ; 7.22019 ; 3.30544 ; 0 ; 0
1151199520 ; 30.1839 ; 3.31017 ; 0 ; 0
1151253520 ; 36.3491 ; 3.31078 ; 0 ; 0
1151308520 ; 7.21532 ; 3.30582 ; 0 ; 0
1151368520 ; 7.20801 ; 3.30444 ; 0 ; 0
1151421520 ; 30.5223 ; 3.31108 ; 0 ; 0
1151465520 ; 35.1133 ; 3.31116 ; 0 ; 0
1151515520 ; 7.22384 ; 3.31116 ; 0 ; 0
1151561520 ; 7.2141 ; 3.30544 ; 0 ; 0
1151611520 ; 28.8325 ; 3.30528 ; 0 ; 0
1151658520 ; 34.8942 ; 3.30978 ; 0 ; 0
1151712520 ; 36.1786 ; 3.31078 ; 0 ; 0
1151756520 ; 7.33341 ; 3.30879 ; 0 ; 0
1151810520 ; 19.3923 ; 3.30635 ; 0 ; 0
1151859520 ; 36.5353 ; 3.31108 ; 0 ; 0
1151912520 ; 7.28958 ; 3.30627 ; 0 ; 0
1151963520 ; 35.0987 ; 3.30811 ; 0 ; 0
1152016520 ; 36.2237 ; 3.31306 ; 0 ; 0
1152059520 ; 36.164 ; 3.31093 ; 0 ; 0
1152113520 ; 7.21045 ; 3.30444 ; 0 ; 0
1152158520 ; 7.22262 ; 3.30574 ; 0 ; 0
1152210520 ; 7.21775 ; 3.30482 ; 0 ; 0
1152265520 ; 35.7635 ; 3.31085 ; 0 ; 0
1152316520 ; 7.19827 ; 3.30536 ; 0 ; 0
1152368520 ; 7.21654 ; 3.30696 ; 0 ; 0
1152432520 ; 35.2923 ; 3.31017 ; 0 ; 0
1152488520 ; 36.8263 ; 3.3107 ; 0 ; 0
1152548520 ; 7.20558 ; 3.30406 ; 0 ; 0
1152600520 ; 35.4055 ; 3.31062 ; 0 ; 0
1152649520 ; 35.5419 ; 3.31062 ; 0 ; 0
1152707520 ; 7.21288 ; 3.30765 ; 0 ; 0
1152755520 ; 7.22262 ; 3.30467 ; 0 ; 0
1152813520 ; 34.5022 ; 3.31017 ; 0 ; 0
1152861520 ; 35.5699 ; 3.31123 ; 0 ; 0
1152917520 ; 7.20314 ; 3.30795 ; 0 ; 0
1152960520 ; 7.22506 ; 3.30505 ; 0 ; 0
1153028520 ; 36.8056 ; 3.311 ; 0 ; 0
1153073520 ; 35.4579 ; 3.31146 ; 0 ; 0
1153122520 ; 29.9184 ; 3.31055 ; 0 ; 0
1153178520 ; 7.23236 ; 3.30498 ; 0 ; 0
1153241520 ; 36.8068 ; 3.31276 ; 0 ; 0
1153277520 ; 34.9441 ; 3.31047 ; 0 ; 0
1153329520 ; 36.5122 ; 3.31062 ; 0 ; 0
1153389520 ; 7.21654 ; 3.30627 ; 0 ; 0
1153449520 ; 36.7253 ; 3.311 ; 0 ; 0
1153494520 ; 36.2906 ; 3.31139 ; 0 ; 0
1153546520 ; 7.22384 ; 3.30788 ; 0 ; 0
1153599520 ; 7.22019 ; 3.30521 ; 0 ; 0
1153650520 ; 35.9096 ; 3.3107 ; 0 ; 0
1153697520 ; 35.2229 ; 3.31123 ; 0 ; 0
1153750520 ; 29.9976 ; 3.31085 ; 0 ; 0
1153805520 ; 7.22262 ; 3.3049 ; 0 ; 0
1153853520 ; 35.3714 ; 3.30757 ; 0 ; 0
1153909520 ; 36.8616 ; 3.31093 ; 0 ; 0
1153956520 ; 37.0041 ; 3.31383 ; 0 ; 0
1154007520 ; 7.29567 ; 3.30406 ; 0 ; 0
1154053520 ; 30.6806 ; 3.30757 ; 0 ; 0
1154105520 ; 35.106 ; 3.31062 ; 0 ; 0
1154152520 ; 35.5906 ; 3.31299 ; 0 ; 0
1154207520 ; 7.22993 ; 3.30383 ; 0 ; 0
1154259520 ; 7.22384 ; 3.30582 ; 0 ; 0
1154312520 ; 35.3982 ; 3.31032 ; 0 ; 0
1154363520 ; 35.5687 ; 3.31123 ; 0 ; 0
1154420520 ; 7.20436 ; 3.30528 ; 0 ; 0
1154471520 ; 35.3812 ; 3.3075 ; 0 ; 0
1154526520 ; 34.5241 ; 3.31024 ; 0 ; 0
1154569520 ; 35.5638 ; 3.31108 ; 0 ; 0
1154622520 ; 7.20923 ; 3.30482 ; 0 ; 0
1154670520 ; 7.2141 ; 3.30574 ; 0 ; 0
1154736520 ; 34.4023 ; 3.31131 ; 0 ; 0
1154779520 ; 35.5565 ; 3.31161 ; 0 ; 0
1154842520 ; 7.21532 ; 3.30452 ; 0 ; 0
1154887520 ; 7.21532 ; 3.30582 ; 0 ; 0
1154937520 ; 35.6965 ; 3.30887 ; 0 ; 0
1154986520 ; 35.0817 ; 3.31131 ; 0 ; 0
1155042520 ; 7.21654 ; 3.30475 ; 0 ; 0
1155083520 ; 29.4035 ; 3.30795 ; 0 ; 0
1155135520 ; 29.3438 ; 3.31093 ; 0 ; 0
1155182520 ; 7.20801 ; 3.30658 ; 0 ; 0
1155248520 ; 7.22141 ; 3.3046 ; 0 ; 0
1155302520 ; 28.9311 ; 3.30673 ; 0 ; 0
1155357520 ; 36.0934 ; 3.31032 ; 0 ; 0
1155419520 ; 34.7006 ; 3.31116 ; 0 ; 0
1155463520 ; 7.21532 ; 3.30597 ; 0 ; 0
1155518520 ; 7.20558 ; 3.30597 ; 0 ; 0
1155577520 ; 36.8397 ; 3.31139 ; 0 ; 0
1155638520 ; 7.22993 ; 3.30933 ; 0 ; 0
1155680520 ; 7.20436 ; 3.30406 ; 0 ; 0
1155735520 ; 29.3937 ; 3.30788 ; 0 ; 0
1155787520 ; 36.2943 ; 3.31108 ; 0 ; 0
1155842520 ; 34.2684 ; 3.31177 ; 0 ; 0
1155891520 ; 7.20314 ; 3.3062 ; 0 ; 0
1155944520 ; 36.1397 ; 3.311 ; 0 ; 0
1155986520 ; 35.8536 ; 3.31062 ; 0 ; 0
1156040520 ; 35.7367 ; 3.31253 ; 0 ; 0
1156086520 ; 7.2908 ; 3.3065 ; 0 ; 0
1156147520 ; 34.0274 ; 3.31146 ; 0 ; 0
1156185520 ; 36.4927 ; 3.31085 ; 0 ; 0
1156240520 ; 7.21654 ; 3.30666 ; 0 ; 0
1156285520 ; 7.22628 ; 3.30475 ; 0 ; 0
1156344520 ; 29.6616 ; 3.30986 ; 0 ; 0
1156390520 ; 35.4591 ; 3.31146 ; 0 ; 0
1156444520 ; 7.25793 ; 3.31001 ; 0 ; 0
1156498520 ; 7.21775 ; 3.30513 ; 0 ; 0
1156550520 ; 35.9229 ; 3.3094 ; 0 ; 0
1156599520 ; 35.4104 ; 3.31108 ; 0 ; 0
1156656520 ; 7.25428 ; 3.31062 ; 0 ; 0
1156711520 ; 7.20923 ; 3.30551 ; 0 ; 0
1156761520 ; 28.309 ; 3.30994 ; 0 ; 0
1156822520 ; 30.974 ; 3.31192 ; 0 ; 0
1156867520 ; 7.26645 ; 3.31139 ; 0 ; 0
1156920520 ; 7.22019 ; 3.30429 ; 0 ; 0
1156966520 ; 35.7257 ; 3.30917 ; 0 ; 0
1157021520 ; 35.6612 ; 3.31078 ; 0 ; 0
1157068520 ; 35.0074 ; 3.31184 ; 0 ; 0
1157121520 ; 7.21532 ; 3.30368 ; 0 ; 0
1157164520 ; 36.483 ; 3.3094 ; 0 ; 0
1157222520 ; 36.3089 ; 3.31062 ; 0 ; 0
1157267520 ; 7.2421 ; 3.30513 ; 0 ; 0
1157322520 ; 7.21775 ; 3.30521 ; 0 ; 0
1157375520 ; 36.2918 ; 3.30948 ; 0 ; 0
1157427520 ; 35.4883 ; 3.31085 ; 0 ; 0
1157472520 ; 7.21045 ; 3.3049 ; 0 ; 0
1157526520 ; 7.22506 ; 3.30841 ; 0 ; 0
1157566520 ; 35.8548 ; 3.31207 ; 0 ; 0
1157619520 ; 7.21654 ; 3.30795 ; 0 ; 0
1157665520 ; 30.5114 ; 3.30925 ; 0 ; 0
1157718520 ; 7.22262 ; 3.30452 ; 0 ; 0
1157764520 ; 35.2582 ; 3.3107 ; 0 ; 0
1157826520 ; 7.22141 ; 3.30826 ; 0 ; 0
1157876520 ; 7.21532 ; 3.30605 ; 0 ; 0
1157936520 ; 7.22262 ; 3.30574 ; 0 ; 0
1157991520 ; 35.621 ; 3.31139 ; 0 ; 0
1158045520 ; 7.22141 ; 3.30826 ; 0 ; 0
1158091520 ; 7.23115 ; 3.30803 ; 0 ; 0
1158151520 ; 7.20558 ; 3.30566 ; 0 ; 0
1158197520 ; 35.9229 ; 3.30879 ; 0 ; 0
1158251520 ; 30.3896 ; 3.31085 ; 0 ; 0
1158299520 ; 35.5735 ; 3.31108 ; 0 ; 0
1158357520 ; 7.21532 ; 3.30528 ; 0 ; 0
1158405520 ; 7.2068 ; 3.30719 ; 0 ; 0
1158454520 ; 29.4692 ; 3.30574 ; 0 ; 0
1158504520 ; 35.688 ; 3.31116 ; 0 ; 0
1158554520 ; 29.0869 ; 3.31161 ; 0 ; 0
1158606520 ; 7.21897 ; 3.30948 ; 0 ; 0
1158660520 ; 7.22141 ; 3.30475 ; 0 ; 0
1158720520 ; 7.28715 ; 3.3049 ; 0 ; 0
1158767520 ; 7.28471 ; 3.3062 ; 0 ; 0
1158819520 ; 7.30298 ; 3.30528 ; 0 ; 0
1158864520 ; 28.8313 ; 3.30681 ; 0 ; 0
1158917520 ; 7.21288 ; 3.30605 ; 0 ; 0
1158965520 ; 30.7305 ; 3.30864 ; 0 ; 0
1159020520 ; 36.3637 ; 3.3123 ; 0 ; 0
1159075520 ; 36.886 ; 3.31078 ; 0 ; 0
1159132520 ; 34.6239 ; 3.31116 ; 0 ; 0
1159176520 ; 7.28837 ; 3.30505 ; 0 ; 0
1159227520 ; 7.30541 ; 3.30589 ; 0 ; 0
1159269520 ; 7.21045 ; 3.30528 ; 0 ; 0
1159326520 ; 36.3856 ; 3.30994 ; 0 ; 0
1159379520 ; 35.6381 ; 3.30894 ; 0 ; 0
1159442520 ; 7.21167 ; 3.30482 ; 0 ; 0
1159485520 ; 7.23967 ; 3.3078 ; 0 ; 0
1159536520 ; 7.2141 ; 3.30551 ; 0 ; 0
1159579520 ; 34.8942 ; 3.3107 ; 0 ; 0
1159627520 ; 36.2906 ; 3.31131 ; 0 ; 0
1159677520 ; 35.9424 ; 3.31055 ; 0 ; 0
1159739520 ; 7.21775 ; 3.30414 ; 0 ; 0
1159786520 ; 25.7353 ; 3.3065 ; 0 ; 0
1159837520 ; 35.8109 ; 3.30971 ; 0 ; 0
1159886520 ; 34.7627 ; 3.30879 ; 0 ; 0
1159937520 ; 36.0556 ; 3.30856 ; 0 ; 0
1159985520 ; 28.0947 ; 3.30849 ; 0 ; 0
1160035520 ; 7.23236 ; 3.30559 ; 0 ; 0
1160077520 ; 7.23358 ; 3.30658 ; 0 ; 0
1160133520 ; 35.2363 ; 3.31131 ; 0 ; 0
1160179520 ; 36.1969 ; 3.31078 ; 0 ; 0
1160231520 ; 36.1823 ; 3.31039 ; 0 ; 0
1160278520 ; 7.22993 ; 3.30475 ; 0 ; 0
1160344520 ; 7.29689 ; 3.30688 ; 0 ; 0
1160391520 ; 28.3224 ; 3.31184 ; 0 ; 0
1160450520 ; 33.9994 ; 3.31154 ; 0 ; 0
1160500520 ; 34.6264 ; 3.31161 ; 0 ; 0
1160558520 ; 7.28837 ; 3.30574 ; 0 ; 0
1160605520 ; 37.2743 ; 3.31146 ; 0 ; 0
1160656520 ; 35.7184 ; 3.31055 ; 0 ; 0
1160707520 ; 37.2402 ; 3.31139 ; 0 ; 0
1160763520 ; 7.21897 ; 3.3049 ; 0 ; 0
1160814520 ; 29.6677 ; 3.30559 ; 0 ; 0
1160862520 ; 35.6515 ; 3.311 ; 0 ; 0
1160914520 ; 36.9298 ; 3.31039 ; 0 ; 0
1160969520 ; 35.5212 ; 3.31108 ; 0 ; 0
1161020520 ; 7.21288 ; 3.30544 ; 0 ; 0
1161065520 ; 28.4332 ; 3.30696 ; 0 ; 0
1161123520 ; 7.21897 ; 3.30643 ; 0 ; 0
1161170520 ; 7.29445 ; 3.30666 ; 0 ; 0
1161224520 ; 28.9834 ; 3.3075 ; 0 ; 0
1161268520 ; 7.3115 ; 3.30772 ; 0 ; 0
1161318520 ; 7.22871 ; 3.30482 ; 0 ; 0
1161372520 ; 7.2068 ; 3.30498 ; 0 ; 0
1161428520 ; 36.9273 ; 3.31238 ; 0 ; 0
1161469520 ; 35.9071 ; 3.31093 ; 0 ; 0
1161523520 ; 36.7886 ; 3.31154 ; 0 ; 0
1161569520 ; 7.30176 ; 3.30551 ; 0 ; 0
1161628520 ; 35.845 ; 3.3091 ; 0 ; 0
1161671520 ; 28.3845 ; 3.30605 ; 0 ; 0
1161723520 ; 31.2236 ; 3.30742 ; 0 ; 0
1161768520 ; 7.2068 ; 3.30528 ; 0 ; 0
1161823520 ; 7.21654 ; 3.30574 ; 0 ; 0
1161873520 ; 28.729 ; 3.30566 ; 0 ; 0
1161922520 ; 36.0118 ; 3.31322 ; 0 ; 0
1161969520 ; 35.6259 ; 3.31093 ; 0 ; 0
1162028520 ; 34.1698 ; 3.31131 ; 0 ; 0
1162074520 ; 7.22384 ; 3.30414 ; 0 ; 0
1162127520 ; 7.22749 ; 3.30505 ; 0 ; 0
1162170520 ; 36.6266 ; 3.31032 ; 0 ; 0
1162227520 ; 7.22993 ; 3.31085 ; 0 ; 0
1162279520 ; 7.21532 ; 3.30605 ; 0 ; 0
1162330520 ; 27.9851 ; 3.30627 ; 0 ; 0
1162393520 ; 35.9984 ; 3.3107 ; 0 ; 0
1162448520 ; 7.23115 ; 3.30612 ; 0 ; 0
1162492520 ; 28.8081 ; 3.30788 ; 0 ; 0
1162542520 ; 7.31272 ; 3.30521 ; 0 ; 0
1162593520 ; 30.7743 ; 3.30742 ; 0 ; 0
1162650520 ; 7.23967 ; 3.30482 ; 0 ; 0
1162691520 ; 7.20801 ; 3.3062 ; 0 ; 0
1162745520 ; 7.22262 ; 3.30627 ; 0 ; 0
1162787520 ; 7.19584 ; 3.30467 ; 0 ; 0
1162844520 ; 36.1664 ; 3.31131 ; 0 ; 0
1162894520 ; 7.22384 ; 3.30879 ; 0 ; 0
1162954520 ; 7.21045 ; 3.30536 ; 0 ; 0
1162999520 ; 7.21654 ; 3.30574 ; 0 ; 0
1163051520 ; 36.4416 ; 3.31055 ; 0 ; 0
1163094520 ; 36.3758 ; 3.31139 ; 0 ; 0
1163145520 ; 7.22628 ; 3.30826 ; 0 ; 0
1163194520 ; 29.457 ; 3.30673 ; 0 ; 0
1163251520 ; 35.5967 ; 3.31009 ; 0 ; 0
1163291520 ; 36.3089 ; 3.31017 ; 0 ; 0
1163355520 ; 7.21654 ; 3.30498 ; 0 ; 0
1163405520 ; 7.22749 ; 3.30521 ; 0 ; 0
1163460520 ; 7.21045 ; 3.30956 ; 0 ; 0
1163523520 ; 35.0354 ; 3.31161 ; 0 ; 0
1163569520 ; 7.22749 ; 3.30475 ; 0 ; 0
1163621520 ; 29.2099 ; 3.30673 ; 0 ; 0
1163667520 ; 7.30176 ; 3.30742 ; 0 ; 0
1163717520 ; 7.30663 ; 3.31268 ; 0 ; 0
1163773520 ; 7.2835 ; 3.30734 ; 0 ; 0
1163824520 ; 29.3633 ; 3.30727 ; 0 ; 0
1163873520 ; 36.8689 ; 3.31085 ; 0 ; 0
1163925520 ; 7.2348 ; 3.31276 ; 0 ; 0
1163974520 ; 7.21775 ; 3.3078 ; 0 ; 0
1164033520 ; 30.2618 ; 3.30635 ; 0 ; 0
1164091520 ; 34.9185 ; 3.31093 ; 0 ; 0
1164144520 ; 35.1438 ; 3.30849 ; 0 ; 0
1164192520 ; 7.2068 ; 3.30734 ; 0 ; 0
1164252520 ; 27.9827 ; 3.30849 ; 0 ; 0
1164295520 ; 36.2492 ; 3.31253 ; 0 ; 0
1164357520 ; 35.1718 ; 3.31169 ; 0 ; 0
1164405520 ; 7.21532 ; 3.30444 ; 0 ; 0
1164459520 ; 7.21167 ; 3.30643 ; 0 ; 0
1164507520 ; 34.5691 ; 3.31093 ; 0 ; 0
1164558520 ; 35.1206 ; 3.31146 ; 0 ; 0
1164609520 ; 8.84671 ; 3.30917 ; 0 ; 0
1164667520 ; 7.27863 ; 3.30574 ; 0 ; 0
1164727520 ; 34.9612 ; 3.31085 ; 0 ; 0
1164775520 ; 7.30176 ; 3.31024 ; 0 ; 0
1164829520 ; 7.31515 ; 3.30704 ; 0 ; 0
1164874520 ; 29.5605 ; 3.31062 ; 0 ; 0
1164924520 ; 35.6381 ; 3.31169 ; 0 ; 0
1164974520 ; 7.31637 ; 3.31085 ; 0 ; 0
1165035520 ; 7.23723 ; 3.30788 ; 0 ; 0
1165084520 ; 30.3153 ; 3.30986 ; 0 ; 0
1165146520 ; 31.8469 ; 3.31047 ; 0 ; 0
1165206520 ; 7.22993 ; 3.30589 ; 0 ; 0
1165263520 ; 25.5563 ; 3.30544 ; 0 ; 0
1165312520 ; 30.0585 ; 3.31291 ; 0 ; 0
1165369520 ; 35.5833 ; 3.31169 ; 0 ; 0
1165419520 ; 7.22384 ; 3.30452 ; 0 ; 0
1165472520 ; 13.0701 ; 3.30605 ; 0 ; 0
1165536520 ; 34.9612 ; 3.31001 ; 0 ; 0
1165579520 ; 35.6502 ; 3.31161 ; 0 ; 0
1165631520 ; 7.30054 ; 3.30475 ; 0 ; 0
1165686520 ; 35.3447 ; 3.31017 ; 0 ; 0
1165750520 ; 7.21897 ; 3.3075 ; 0 ; 0
1165798520 ; 7.20558 ; 3.30605 ; 0 ; 0
1165859520 ; 36.9529 ; 3.30971 ; 0 ; 0
1165917520 ; 37.0041 ; 3.31139 ; 0 ; 0
1165968520 ; 7.31028 ; 3.30879 ; 0 ; 0
1166018520 ; 7.22384 ; 3.30536 ; 0 ; 0
1166067520 ; 7.22871 ; 3.311 ; 0 ; 0
1166115520 ; 35.3361 ; 3.31047 ; 0 ; 0
1166164520 ; 7.21654 ; 3.30482 ; 0 ; 0
1166224520 ; 30.6307 ; 3.30696 ; 0 ; 0
1166271520 ; 35.1608 ; 3.3123 ; 0 ; 0
1166323520 ; 7.29202 ; 3.30635 ; 0 ; 0
1166376520 ; 7.2348 ; 3.3049 ; 0 ; 0
1166431520 ; 7.22384 ; 3.30597 ; 0 ; 0
1166479520 ; 34.9794 ; 3.31184 ; 0 ; 0
1166541520 ; 31.5498 ; 3.30986 ; 0 ; 0
1166586520 ; 7.21045 ; 3.30498 ; 0 ; 0
1166642520 ; 30.2825 ; 3.3078 ; 0 ; 0
1166693520 ; 34.9307 ; 3.31123 ; 0 ; 0
1166744520 ; 7.30663 ; 3.30612 ; 0 ; 0
1166791520 ; 7.21897 ; 3.30566 ; 0 ; 0
1166851520 ; 30.9131 ; 3.30841 ; 0 ; 0
1166894520 ; 36.5085 ; 3.31299 ; 0 ; 0
1166948520 ; 7.29932 ; 3.30978 ; 0 ; 0
1166993520 ; 29.2975 ; 3.30704 ; 0 ; 0
1167043520 ; 28.9067 ; 3.30879 ; 0 ; 0
1167087520 ; 35.7744 ; 3.30841 ; 0 ; 0
1167151520 ; 34.1357 ; 3.31161 ; 0 ; 0
1167195520 ; 7.20923 ; 3.30414 ; 0 ; 0
1167247520 ; 7.22384 ; 3.30635 ; 0 ; 0
1167301520 ; 34.9478 ; 3.30956 ; 0 ; 0
1167367520 ; 7.22749 ; 3.30894 ; 0 ; 0
1167420520 ; 29.16 ; 3.30528 ; 0 ; 0
1167470520 ; 35.0281 ; 3.31009 ; 0 ; 0
1167520520 ; 35.6259 ; 3.31093 ; 0 ; 0
1167566520 ; 36.3588 ; 3.31268 ; 0 ; 0
1167611520 ; 7.20314 ; 3.30505 ; 0 ; 0
1167665520 ; 29.8271 ; 3.30627 ; 0 ; 0
1167724520 ; 35.9558 ; 3.31116 ; 0 ; 0
1167773520 ; 36.3064 ; 3.31207 ; 0 ; 0
1167832520 ; 28.8994 ; 3.30597 ; 0 ; 0
1167874520 ; 30.0877 ; 3.30803 ; 0 ; 0
1167934520 ; 36.4111 ; 3.3123 ; 0 ; 0
1167983520 ; 7.22749 ; 3.3046 ; 0 ; 0
1168041520 ; 28.7436 ; 3.30582 ; 0 ; 0
1168085520 ; 29.3791 ; 3.3075 ; 0 ; 0
1168148520 ; 34.9173 ; 3.31184 ; 0 ; 0
1168193520 ; 7.30906 ; 3.30719 ; 0 ; 0
1168245520 ; 7.22993 ; 3.30704 ; 0 ; 0
1168294520 ; 28.4758 ; 3.30719 ; 0 ; 0
1168358520 ; 35.0232 ; 3.311 ; 0 ; 0
1168401520 ; 7.21045 ; 3.30612 ; 0 ; 0
1168461520 ; 19.9511 ; 3.30536 ; 0 ; 0
1168509520 ; 36.4379 ; 3.31123 ; 0 ; 0
1168563520 ; 36.3539 ; 3.31322 ; 0 ; 0
1168610520 ; 7.19949 ; 3.30482 ; 0 ; 0
1168669520 ; 8.69088 ; 3.30544 ; 0 ; 0
1168716520 ; 36.0301 ; 3.30879 ; 0 ; 0
1168769520 ; 35.4396 ; 3.31139 ; 0 ; 0
1168821520 ; 7.28228 ; 3.30742 ; 0 ; 0
1168869520 ; 34.9356 ; 3.31139 ; 0 ; 0
1168919520 ; 7.21532 ; 3.30894 ; 0 ; 0
1168967520 ; 7.19097 ; 3.30826 ; 0 ; 0
1169015520 ; 28.0947 ; 3.30696 ; 0 ; 0
1169067520 ; 7.31028 ; 3.31032 ; 0 ; 0
1169124520 ; 29.4156 ; 3.31047 ; 0 ; 0
1169167520 ; 7.22141 ; 3.30536 ; 0 ; 0
1169222520 ; 28.9737 ; 3.3078 ; 0 ; 0
1169270520 ; 35.5699 ; 3.31268 ; 0 ; 0
1169317520 ; 7.22262 ; 3.30978 ; 0 ; 0
1169371520 ; 7.22262 ; 3.30498 ; 0 ; 0
1169421520 ; 31.5681 ; 3.30742 ; 0 ; 0
1169470520 ; 36.22 ; 3.31261 ; 0 ; 0
1169525520 ; 7.22019 ; 3.30917 ; 0 ; 0
1169573520 ; 28.4052 ; 3.30887 ; 0 ; 0
1169622520 ; 7.28228 ; 3.30658 ; 0 ; 0
1169669520 ; 36.1737 ; 3.31177 ; 0 ; 0
1169720520 ; 36.3247 ; 3.312 ; 0 ; 0
1169778520 ; 7.30176 ; 3.30811 ; 0 ; 0
1169837520 ; 7.22871 ; 3.30589 ; 0 ; 0
1169881520 ; 34.9344 ; 3.31154 ; 0 ; 0
1169943520 ; 35.8012 ; 3.31062 ; 0 ; 0
1169991520 ; 7.22749 ; 3.3046 ; 0 ; 0
1170046520 ; 7.20071 ; 3.30582 ; 0 ; 0
1170090520 ; 34.9405 ; 3.31276 ; 0 ; 0
1170139520 ; 7.22384 ; 3.30574 ; 0 ; 0
1170185520 ; 7.21288 ; 3.30673 ; 0 ; 0
1170239520 ; 7.22749 ; 3.30673 ; 0 ; 0
1170282520 ; 35.7586 ; 3.31146 ; 0 ; 0
1170334520 ; 36.0228 ; 3.31093 ; 0 ; 0
1170400520 ; 29.1977 ; 3.30841 ; 0 ; 0
1170455520 ; 36.0167 ; 3.31039 ; 0 ; 0
1170504520 ; 32.9937 ; 3.31146 ; 0 ; 0
1170569520 ; 7.22019 ; 3.30444 ; 0 ; 0
1170609520 ; 7.28593 ; 3.30643 ; 0 ; 0
1170659520 ; 7.23115 ; 3.30956 ; 0 ; 0
1170703520 ; 35.8536 ; 3.30803 ; 0 ; 0
1170752520 ; 7.20923 ; 3.30513 ; 0 ; 0
1170796520 ; 7.22749 ; 3.30574 ; 0 ; 0
1170846520 ; 36.108 ; 3.31085 ; 0 ; 0
1170887520 ; 35.8353 ; 3.31268 ; 0 ; 0
1170935520 ; 36.1847 ; 3.31093 ; 0 ; 0
1170979520 ; 7.2141 ; 3.30513 ; 0 ; 0
1171041520 ; 29.1028 ; 3.30635 ; 0 ; 0
1171085520 ; 27.9985 ; 3.3075 ; 0 ; 0
1171138520 ; 29.7699 ; 3.31291 ; 0 ; 0
1171181520 ; 7.31028 ; 3.30635 ; 0 ; 0
1171235520 ; 7.29324 ; 3.3062 ; 0 ; 0
1171279520 ; 29.5983 ; 3.31169 ; 0 ; 0
1171346520 ; 36.2492 ; 3.31055 ; 0 ; 0
1171398520 ; 7.21532 ; 3.30734 ; 0 ; 0
1171450520 ; 26.064 ; 3.30505 ; 0 ; 0
1171498520 ; 7.20801 ; 3.31001 ; 0 ; 0
1171551520 ; 35.2473 ; 3.30925 ; 0 ; 0
1171594520 ; 7.30419 ; 3.30505 ; 0 ; 0
1171653520 ; 7.30785 ; 3.30566 ; 0 ; 0
1171707520 ; 7.30785 ; 3.30757 ; 0 ; 0
1171755520 ; 30.9655 ; 3.30727 ; 0 ; 0
1171805520 ; 7.22262 ; 3.30704 ; 0 ; 0
1171860520 ; 7.2141 ; 3.30551 ; 0 ; 0
1171913520 ; 30.7463 ; 3.31047 ; 0 ; 0
1171964520 ; 29.9051 ; 3.3094 ; 0 ; 0
1172012520 ; 7.21288 ; 3.3049 ; 0 ; 0
1172062520 ; 7.22871 ; 3.30429 ; 0 ; 0
1172106520 ; 35.8876 ; 3.31062 ; 0 ; 0
1172159520 ; 34.0188 ; 3.31169 ; 0 ; 0
1172209520 ; 7.19462 ; 3.30688 ; 0 ; 0
1172258520 ; 7.22871 ; 3.30475 ; 0 ; 0
1172305520 ; 35.6076 ; 3.31047 ; 0 ; 0
1172366520 ; 7.3115 ; 3.30681 ; 0 ; 0
1172421520 ; 7.22141 ; 3.30688 ; 0 ; 0
1172468520 ; 7.20801 ; 3.30444 ; 0 ; 0
1172513520 ; 36.2943 ; 3.31009 ; 0 ; 0
1172568520 ; 37.2159 ; 3.31192 ; 0 ; 0
1172622520 ; 30.5564 ; 3.30887 ; 0 ; 0
1172671520 ; 7.22384 ; 3.30582 ; 0 ; 0
1172729520 ; 35.789 ; 3.312 ; 0 ; 0
1172780520 ; 37.5763 ; 3.31291 ; 0 ; 0
1172832520 ; 30.2727 ; 3.30772 ; 0 ; 0
1172878520 ; 7.2141 ; 3.3046 ; 0 ; 0
1172940520 ; 34.6604 ; 3.31123 ; 0 ; 0
1172990520 ; 29.6543 ; 3.31078 ; 0 ; 0
1173044520 ; 30.8413 ; 3.31024 ; 0 ; 0
1173089520 ; 7.29202 ; 3.30505 ; 0 ; 0
1173152520 ; 35.4591 ; 3.31108 ; 0 ; 0
1173201520 ; 28.6961 ; 3.31055 ; 0 ; 0
1173252520 ; 7.1934 ; 3.30505 ; 0 ; 0
1173310520 ; 35.5589 ; 3.31009 ; 0 ; 0
1173370520 ; 31.9613 ; 3.31116 ; 0 ; 0
1173419520 ; 7.19219 ; 3.30849 ; 0 ; 0
1173473520 ; 7.24576 ; 3.30643 ; 0 ; 0
1173524520 ; 34.6191 ; 3.31261 ; 0 ; 0
1173573520 ; 35.5468 ; 3.31093 ; 0 ; 0
1173628520 ; 7.22871 ; 3.30765 ; 0 ; 0
1173677520 ; 7.22506 ; 3.30521 ; 0 ; 0
1173731520 ; 35.5991 ; 3.31123 ; 0 ; 0
1173777520 ; 35.2789 ; 3.31161 ; 0 ; 0
1173836520 ; 7.23115 ; 3.30841 ; 0 ; 0
1173885520 ; 7.21532 ; 3.30406 ; 0 ; 0
1173935520 ; 35.8876 ; 3.30917 ; 0 ; 0
1173978520 ; 34.9405 ; 3.31039 ; 0 ; 0
1174027520 ; 35.7963 ; 3.31047 ; 0 ; 0
1174080520 ; 7.21775 ; 3.3049 ; 0 ; 0
1174132520 ; 28.9664 ; 3.3078 ; 0 ; 0
1174178520 ; 7.21532 ; 3.30681 ; 0 ; 0
1174231520 ; 29.457 ; 3.31207 ; 0 ; 0
1174276520 ; 7.22019 ; 3.30505 ; 0 ; 0
1174346520 ; 29.2306 ; 3.30742 ; 0 ; 0
1174389520 ; 7.21775 ; 3.30666 ; 0 ; 0
1174441520 ; 29.8308 ; 3.31001 ; 0 ; 0
1174492520 ; 7.23845 ; 3.30521 ; 0 ; 0
1174547520 ; 7.30298 ; 3.3075 ; 0 ; 0
1174592520 ; 7.30176 ; 3.30704 ; 0 ; 0
1174647520 ; 36.1092 ; 3.31085 ; 0 ; 0
1174691520 ; 7.31637 ; 3.30528 ; 0 ; 0
1174757520 ; 36.3211 ; 3.311 ; 0 ; 0
1174803520 ; 35.7014 ; 3.31062 ; 0 ; 0
1174858520 ; 7.21654 ; 3.30963 ; 0 ; 0
1174901520 ; 7.20801 ; 3.30383 ; 0 ; 0
1174952520 ; 30.3933 ; 3.30742 ; 0 ; 0
1174996520 ; 35.4786 ; 3.30872 ; 0 ; 0
1175048520 ; 35.4822 ; 3.31207 ; 0 ; 0
1175097520 ; 7.20801 ; 3.30582 ; 0 ; 0
1175162520 ; 29.9282 ; 3.30666 ; 0 ; 0
1175218520 ; 36.5719 ; 3.31078 ; 0 ; 0
1175279520 ; 7.22262 ; 3.30917 ; 0 ; 0
1175350520 ; 7.22871 ; 3.30589 ; 0 ; 0
1175395520 ; 36.4343 ; 3.31238 ; 0 ; 0
1175447520 ; 7.22871 ; 3.30956 ; 0 ; 0
1175497520 ; 7.22262 ; 3.30894 ; 0 ; 0
1175551520 ; 28.813 ; 3.30635 ; 0 ; 0
1175603520 ; 36.209 ; 3.31055 ; 0 ; 0
1175657520 ; 30.476 ; 3.31139 ; 0 ; 0
1175703520 ; 7.30541 ; 3.30597 ; 0 ; 0
1175761520 ; 28.4283 ; 3.30574 ; 0 ; 0
1175806520 ; 35.0196 ; 3.31047 ; 0 ; 0
1175857520 ; 7.21775 ; 3.30612 ; 0 ; 0
1175902520 ; 7.21775 ; 3.30696 ; 0 ; 0
1175958520 ; 7.22019 ; 3.30521 ; 0 ; 0
1176005520 ; 35.7988 ; 3.30986 ; 0 ; 0
1176059520 ; 34.9685 ; 3.31047 ; 0 ; 0
1176102520 ; 35.5821 ; 3.31093 ; 0 ; 0
1176156520 ; 7.22384 ; 3.30681 ; 0 ; 0
1176203520 ; 28.8678 ; 3.30788 ; 0 ; 0
1176254520 ; 36.2967 ; 3.31238 ; 0 ; 0
1176296520 ; 34.5265 ; 3.31116 ; 0 ; 0
1176354520 ; 7.30298 ; 3.30643 ; 0 ; 0
1176397520 ; 7.31393 ; 3.30894 ; 0 ; 0
1176453520 ; 36.2675 ; 3.31085 ; 0 ; 0
1176503520 ; 7.24697 ; 3.30818 ; 0 ; 0
1176550520 ; 34.7189 ; 3.31253 ; 0 ; 0
1176601520 ; 29.6372 ; 3.30681 ; 0 ; 0
1176655520 ; 7.22019 ; 3.30528 ; 0 ; 0
1176705520 ; 7.21288 ; 3.30589 ; 0 ; 0
1176767520 ; 36.4209 ; 3.31093 ; 0 ; 0
1176807520 ; 36.3637 ; 3.31161 ; 0 ; 0
1176866520 ; 29.0005 ; 3.30879 ; 0 ; 0
1176916520 ; 7.29932 ; 3.30688 ; 0 ; 0
1176974520 ; 35.7537 ; 3.30826 ; 0 ; 0
1177016520 ; 7.29932 ; 3.30742 ; 0 ; 0
1177069520 ; 7.20801 ; 3.30612 ; 0 ; 0
1177118520 ; 7.21775 ; 3.30688 ; 0 ; 0
1177172520 ; 7.21897 ; 3.30551 ; 0 ; 0
1177227520 ; 7.21897 ; 3.30597 ; 0 ; 0
1177277520 ; 33.9446 ; 3.31078 ; 0 ; 0
1177323520 ; 34.7895 ; 3.31291 ; 0 ; 0
1177380520 ; 7.28958 ; 3.30811 ; 0 ; 0
1177435520 ; 7.30663 ; 3.30376 ; 0 ; 0
1177483520 ; 29.1454 ; 3.30795 ; 0 ; 0
1177544520 ; 35.6064 ; 3.31123 ; 0 ; 0
1177587520 ; 35.1133 ; 3.31223 ; 0 ; 0
1177647520 ; 36.7825 ; 3.31139 ; 0 ; 0
1177699520 ; 7.22871 ; 3.30406 ; 0 ; 0
1177755520 ; 7.2141 ; 3.30582 ; 0 ; 0
1177800520 ; 7.23723 ; 3.30482 ; 0 ; 0
1177855520 ; 35.3641 ; 3.30925 ; 0 ; 0
1177894520 ; 29.7772 ; 3.30704 ; 0 ; 0
1177947520 ; 7.23236 ; 3.30597 ; 0 ; 0
1177989520 ; 7.28715 ; 3.3075 ; 0 ; 0
1178038520 ; 35.2558 ; 3.30826 ; 0 ; 0
1178085520 ; 36.5256 ; 3.30948 ; 0 ; 0
1178137520 ; 34.8759 ; 3.30894 ; 0 ; 0
1178182520 ; 29.1843 ; 3.30788 ; 0 ; 0
1178242520 ; 7.2141 ; 3.30452 ; 0 ; 0
1178287520 ; 7.22262 ; 3.30841 ; 0 ; 0
1178349520 ; 7.22019 ; 3.30963 ; 0 ; 0
1178400520 ; 7.2141 ; 3.30879 ; 0 ; 0
1178455520 ; 7.20436 ; 3.30544 ; 0 ; 0
1178501520 ; 7.21045 ; 3.30429 ; 0 ; 0
1178552520 ; 28.4125 ; 3.30605 ; 0 ; 0
1178601520 ; 35.5626 ; 3.3094 ; 0 ; 0
1178653520 ; 34.8345 ; 3.30994 ; 0 ; 0
1178696520 ; 35.8134 ; 3.30811 ; 0 ; 0
1178755520 ; 7.21897 ; 3.30498 ; 0 ; 0
1178804520 ; 7.22384 ; 3.30818 ; 0 ; 0
1178853520 ; 7.23723 ; 3.30627 ; 0 ; 0
1178905520 ; 7.22019 ; 3.30978 ; 0 ; 0
1178957520 ; 7.21532 ; 3.30849 ; 0 ; 0
1179000520 ; 34.6434 ; 3.31093 ; 0 ; 0
1179060520 ; 7.2068 ; 3.30437 ; 0 ; 0
1179104520 ; 7.22506 ; 3.30559 ; 0 ; 0
1179152520 ; 28.55 ; 3.30704 ; 0 ; 0
1179195520 ; 29.2878 ; 3.30696 ; 0 ; 0
1179245520 ; 7.22628 ; 3.30742 ; 0 ; 0
1179291520 ; 7.21532 ; 3.30879 ; 0 ; 0
1179353520 ; 28.3905 ; 3.30467 ; 0 ; 0
1179406520 ; 7.21167 ; 3.30536 ; 0 ; 0
1179465520 ; 30.151 ; 3.31146 ; 0 ; 0
1179513520 ; 35.6539 ; 3.31093 ; 0 ; 0
1179567520 ; 7.2068 ; 3.30879 ; 0 ; 0
1179606520 ; 7.22628 ; 3.3046 ; 0 ; 0
1179659520 ; 7.21654 ; 3.30757 ; 0 ; 0
1179708520 ; 7.21654 ; 3.3049 ; 0 ; 0
1179767520 ; 35.2546 ; 3.31055 ; 0 ; 0
1179815520 ; 36.0605 ; 3.3091 ; 0 ; 0
1179874520 ; 7.22262 ; 3.30421 ; 0 ; 0
1179924520 ; 7.2348 ; 3.30589 ; 0 ; 0
1179974520 ; 7.2141 ; 3.30658 ; 0 ; 0
1180020520 ; 36.3978 ; 3.31161 ; 0 ; 0
1180071520 ; 35.5857 ; 3.31047 ; 0 ; 0
1180115520 ; 36.2967 ; 3.31245 ; 0 ; 0
1180168520 ; 7.21045 ; 3.30437 ; 0 ; 0
1180212520 ; 28.8447 ; 3.30704 ; 0 ; 0
1180266520 ; 7.22262 ; 3.30505 ; 0 ; 0
1180311520 ; 7.21897 ; 3.30681 ; 0 ; 0
1180378520 ; 35.0646 ; 3.30826 ; 0 ; 0
1180436520 ; 7.22993 ; 3.3046 ; 0 ; 0
1180485520 ; 28.6231 ; 3.30688 ; 0 ; 0
1180534520 ; 29.2342 ; 3.30719 ; 0 ; 0
1180580520 ; 35.649 ; 3.31268 ; 0 ; 0
1180628520 ; 36.1932 ; 3.31123 ; 0 ; 0
1180677520 ; 37.614 ; 3.31108 ; 0 ; 0
1181696520 ; 35.9327 ; 3.31078 ; 0 ; 0
1181762520 ; 29.3706 ; 3.30734 ; 0 ; 0
1181817520 ; 7.20801 ; 3.30467 ; 0 ; 0
1181870520 ; 7.23236 ; 3.30643 ; 0 ; 0
1181913520 ; 31.2297 ; 3.31078 ; 0 ; 0
1181967520 ; 7.22384 ; 3.30696 ; 0 ; 0
1182009520 ; 7.22506 ; 3.30841 ; 0 ; 0
1182060520 ; 7.22506 ; 3.30673 ; 0 ; 0
1182114520 ; 36.153 ; 3.3107 ; 0 ; 0
1182167520 ; 37.3206 ; 3.31238 ; 0 ; 0
1182210520 ; 34.9405 ; 3.31085 ; 0 ; 0
1182268520 ; 7.22384 ; 3.30437 ; 0 ; 0
1182314520 ; 35.8949 ; 3.30887 ; 0 ; 0
1182380520 ; 29.0845 ; 3.31116 ; 0 ; 0
1182431520 ; 7.23115 ; 3.30841 ; 0 ; 0
1182480520 ; 7.21167 ; 3.30719 ; 0 ; 0
1182534520 ; 35.9266 ; 3.31131 ; 0 ; 0
1182582520 ; 30.3811 ; 3.31093 ; 0 ; 0
1182628520 ; 34.6617 ; 3.31238 ; 0 ; 0
1182681520 ; 7.22384 ; 3.30482 ; 0 ; 0
1182719520 ; 7.21532 ; 3.30566 ; 0 ; 0
1182774520 ; 28.7302 ; 3.30811 ; 0 ; 0
1182819520 ; 36.6035 ; 3.31161 ; 0 ; 0
1182869520 ; 7.23115 ; 3.30437 ; 0 ; 0
1182914520 ; 7.45394 ; 3.31001 ; 0 ; 0
1182966520 ; 36.1884 ; 3.31284 ; 0 ; 0
1183015520 ; 30.6428 ; 3.31169 ; 0 ; 0
1183071520 ; 7.21897 ; 3.30505 ; 0 ; 0
1183114520 ; 7.23358 ; 3.30612 ; 0 ; 0
1183167520 ; 35.2607 ; 3.312 ; 0 ; 0
1183213520 ; 28.9993 ; 3.31131 ; 0 ; 0
1183267520 ; 7.21897 ; 3.30742 ; 0 ; 0
1183310520 ; 7.21897 ; 3.3062 ; 0 ; 0
1183380520 ; 35.4664 ; 3.31146 ; 0 ; 0
1183429520 ; 36.0812 ; 3.31123 ; 0 ; 0
1183480520 ; 7.21775 ; 3.30765 ; 0 ; 0
1183528520 ; 7.23358 ; 3.30414 ; 0 ; 0
1183578520 ; 35.2351 ; 3.30894 ; 0 ; 0
1183622520 ; 29.608 ; 3.31039 ; 0 ; 0
1183675520 ; 33.6719 ; 3.31154 ; 0 ; 0
1183716520 ; 7.20314 ; 3.30475 ; 0 ; 0
1183774520 ; 7.22019 ; 3.30704 ; 0 ; 0
1183819520 ; 7.21288 ; 3.30948 ; 0 ; 0
1183875520 ; 36.1798 ; 3.31131 ; 0 ; 0
1183923520 ; 7.20314 ; 3.30635 ; 0 ; 0
1183978520 ; 7.22506 ; 3.30551 ; 0 ; 0
1184022520 ; 34.6446 ; 3.31223 ; 0 ; 0
1184076520 ; 35.6563 ; 3.31017 ; 0 ; 0
1184127520 ; 7.21532 ; 3.30467 ; 0 ; 0
1184179520 ; 7.22141 ; 3.30719 ; 0 ; 0
1184226520 ; 36.2663 ; 3.31169 ; 0 ; 0
1184282520 ; 29.2294 ; 3.30788 ; 0 ; 0
1184328520 ; 7.21775 ; 3.30635 ; 0 ; 0
1184396520 ; 7.36872 ; 3.30902 ; 0 ; 0
1184457520 ; 35.7963 ; 3.30994 ; 0 ; 0
1184514520 ; 28.5123 ; 3.31093 ; 0 ; 0
1184571520 ; 7.22262 ; 3.30452 ; 0 ; 0
1184615520 ; 7.25671 ; 3.31032 ; 0 ; 0
1184669520 ; 35.8304 ; 3.31055 ; 0 ; 0
1184718520 ; 36.1847 ; 3.311 ; 0 ; 0
1184768520 ; 7.21654 ; 3.30711 ; 0 ; 0
1184812520 ; 7.24819 ; 3.30856 ; 0 ; 0
1184867520 ; 7.21654 ; 3.30566 ; 0 ; 0
1184921520 ; 28.7887 ; 3.31078 ; 0 ; 0
1184973520 ; 35.4189 ; 3.31177 ; 0 ; 0
1185018520 ; 35.2156 ; 3.31284 ; 0 ; 0
1185072520 ; 34.5107 ; 3.31039 ; 0 ; 0
1185120520 ; 28.757 ; 3.31116 ; 0 ; 0
1185172520 ; 34.6349 ; 3.31161 ; 0 ; 0
1185214520 ; 35.3617 ; 3.31131 ; 0 ; 0
1185267520 ; 35.0598 ; 3.31284 ; 0 ; 0
1185310520 ; 34.238 ; 3.312 ; 0 ; 0
1185378520 ; 34.7444 ; 3.31169 ; 0 ; 0
1185437520 ; 35.7744 ; 3.31184 ; 0 ; 0
1185488520 ; 7.21775 ; 3.30688 ; 0 ; 0
1185537520 ; 7.22141 ; 3.30589 ; 0 ; 0
1185588520 ; 7.20436 ; 3.30498 ; 0 ; 0
1185648520 ; 7.21045 ; 3.30528 ; 0 ; 0
1185703520 ; 7.22384 ; 3.30444 ; 0 ; 0
1185758520 ; 7.22262 ; 3.3075 ; 0 ; 0
1185801520 ; 7.21532 ; 3.30414 ; 0 ; 0
1185852520 ; 7.19706 ; 3.30521 ; 0 ; 0
1185898520 ; 7.22506 ; 3.30498 ; 0 ; 0
1185951520 ; 7.20801 ; 3.30482 ; 0 ; 0
1185997520 ; 7.22141 ; 3.3046 ; 0 ; 0
1186052520 ; 7.22384 ; 3.3075 ; 0 ; 0
1186098520 ; 7.22506 ; 3.30536 ; 0 ; 0
1186152520 ; 7.22141 ; 3.30498 ; 0 ; 0
1186200520 ; 29.0845 ; 3.30513 ; 0 ; 0
1186259520 ; 7.22993 ; 3.3046 ; 0 ; 0
1186303520 ; 7.23723 ; 3.30582 ; 0 ; 0
1186363520 ; 7.22749 ; 3.30406 ; 0 ; 0
1186410520 ; 29.2476 ; 3.30551 ; 0 ; 0
1186455520 ; 7.20436 ; 3.30475 ; 0 ; 0
1186499520 ; 7.21167 ; 3.30658 ; 0 ; 0
1186554520 ; 7.22019 ; 3.30452 ; 0 ; 0
1186600520 ; 7.22871 ; 3.30406 ; 0 ; 0
1186652520 ; 7.21045 ; 3.3078 ; 0 ; 0
1186698520 ; 7.21045 ; 3.30391 ; 0 ; 0
1186748520 ; 7.21654 ; 3.30505 ; 0 ; 0
1186799520 ; 7.21288 ; 3.30475 ; 0 ; 0
1186857520 ; 7.21897 ; 3.30498 ; 0 ; 0
1186900520 ; 7.22141 ; 3.30414 ; 0 ; 0
1186950520 ; 7.20436 ; 3.30612 ; 0 ; 0
1186995520 ; 7.21897 ; 3.30704 ; 0 ; 0
1187047520 ; 7.2141 ; 3.30452 ; 0 ; 0
1187097520 ; 7.22506 ; 3.30589 ; 0 ; 0
1187146520 ; 7.21167 ; 3.3046 ; 0 ; 0
1187191520 ; 7.21532 ; 3.30696 ; 0 ; 0
1187238520 ; 7.21897 ; 3.3065 ; 0 ; 0
1187287520 ; 7.2141 ; 3.3049 ; 0 ; 0
1187343520 ; 7.20801 ; 3.3046 ; 0 ; 0
1187395520 ; 7.20558 ; 3.30734 ; 0 ; 0
1187456520 ; 7.21897 ; 3.30429 ; 0 ; 0
1187499520 ; 7.21775 ; 3.30437 ; 0 ; 0
1187552520 ; 7.23358 ; 3.30444 ; 0 ; 0
1187603520 ; 7.22628 ; 3.30681 ; 0 ; 0
1188660520 ; 7.22871 ; 3.30437 ; 0 ; 0
1188711520 ; 7.22262 ; 3.30612 ; 0 ; 0
1188771520 ; 7.20923 ; 3.30444 ; 0 ; 0
1188812520 ; 7.22628 ; 3.30414 ; 0 ; 0
1188865520 ; 7.21288 ; 3.30704 ; 0 ; 0
1188918520 ; 7.22384 ; 3.30368 ; 0 ; 0
1188980520 ; 7.22628 ; 3.30452 ; 0 ; 0
1189034520 ; 7.21897 ; 3.30429 ; 0 ; 0
1189088520 ; 7.21897 ; 3.30467 ; 0 ; 0
1189136520 ; 7.21654 ; 3.30414 ; 0 ; 0
1189189520 ; 7.21288 ; 3.30536 ; 0 ; 0
1189251520 ; 7.22384 ; 3.30498 ; 0 ; 0
1189297520 ; 7.21045 ; 3.3046 ; 0 ; 0
1189359520 ; 7.22141 ; 3.30437 ; 0 ; 0
1189410520 ; 7.22262 ; 3.30528 ; 0 ; 0
1189464520 ; 7.21167 ; 3.3065 ; 0 ; 0
1189513520 ; 7.22749 ; 3.30437 ; 0 ; 0
1189577520 ; 7.22749 ; 3.30444 ; 0 ; 0
1189619520 ; 7.22262 ; 3.3062 ; 0 ; 0
1189669520 ; 7.22993 ; 3.30666 ; 0 ; 0
1189718520 ; 7.22628 ; 3.30482 ; 0 ; 0
1189766520 ; 7.21775 ; 3.30666 ; 0 ; 0
1189810520 ; 7.22506 ; 3.3062 ; 0 ; 0
1189861520 ; 7.21897 ; 3.30475 ; 0 ; 0
1189908520 ; 7.2068 ; 3.30421 ; 0 ; 0
1189967520 ; 7.22628 ; 3.30482 ; 0 ; 0
1190008520 ; 7.21167 ; 3.30452 ; 0 ; 0
1190057520 ; 7.20923 ; 3.3062 ; 0 ; 0
1191094520 ; 7.23602 ; 3.30399 ; 0 ; 0
1191146520 ; 7.22262 ; 3.30536 ; 0 ; 0
1191203520 ; 7.22262 ; 3.30482 ; 0 ; 0
1191258520 ; 7.20193 ; 3.30696 ; 0 ; 0
1191313520 ; 7.21532 ; 3.30399 ; 0 ; 0
1191377520 ; 7.22506 ; 3.30597 ; 0 ; 0
1191433520 ; 7.21167 ; 3.30406 ; 0 ; 0
1191484520 ; 7.23358 ; 3.30704 ; 0 ; 0
1191535520 ; 7.22019 ; 3.30406 ; 0 ; 0
1191586520 ; 7.21897 ; 3.30498 ; 0 ; 0
1191635520 ; 7.22019 ; 3.30376 ; 0 ; 0
1191686520 ; 7.20436 ; 3.30406 ; 0 ; 0
1191735520 ; 7.21045 ; 3.30399 ; 0 ; 0
1191784520 ; 7.22262 ; 3.30505 ; 0 ; 0
1191832520 ; 7.2068 ; 3.30376 ; 0 ; 0
1191882520 ; 7.21288 ; 3.30482 ; 0 ; 0
1191933520 ; 7.21897 ; 3.30612 ; 0 ; 0
1191980520 ; 7.21532 ; 3.3046 ; 0 ; 0
1192033520 ; 28.9274 ; 3.3065 ; 0 ; 0
1192080520 ; 7.23115 ; 3.30467 ; 0 ; 0
1192133520 ; 7.20436 ; 3.30551 ; 0 ; 0
1192181520 ; 7.21654 ; 3.30505 ; 0 ; 0
1192235520 ; 7.20801 ; 3.30406 ; 0 ; 0
1192287520 ; 7.21775 ; 3.30505 ; 0 ; 0
1192345520 ; 7.21775 ; 3.30505 ; 0 ; 0
1192402520 ; 7.22993 ; 3.30498 ; 0 ; 0
1192452520 ; 7.22019 ; 3.30414 ; 0 ; 0
1192504520 ; 7.21897 ; 3.30467 ; 0 ; 0
1192547520 ; 7.21167 ; 3.30673 ; 0 ; 0
1192612520 ; 7.20071 ; 3.30368 ; 0 ; 0
1192656520 ; 7.21897 ; 3.30421 ; 0 ; 0
1192707520 ; 7.21532 ; 3.30498 ; 0 ; 0
1192752520 ; 7.23115 ; 3.30399 ; 0 ; 0
1192814520 ; 7.22384 ; 3.30482 ; 0 ; 0
1193856520 ; 7.20436 ; 3.30406 ; 0 ; 0
1193915520 ; 7.2141 ; 3.30605 ; 0 ; 0
1193961520 ; 7.21167 ; 3.3049 ; 0 ; 0
1194016520 ; 8.01275 ; 3.30681 ; 0 ; 0
1194061520 ; 7.22262 ; 3.30688 ; 0 ; 0
1194115520 ; 7.21775 ; 3.30551 ; 0 ; 0
1194159520 ; 7.21897 ; 3.30673 ; 0 ; 0
1194217520 ; 7.18853 ; 3.30635 ; 0 ; 0
1194265520 ; 7.21045 ; 3.30444 ; 0 ; 0
1194318520 ; 7.20558 ; 3.30673 ; 0 ; 0
1194367520 ; 7.22019 ; 3.30376 ; 0 ; 0
1194425520 ; 7.20801 ; 3.30589 ; 0 ; 0
1194481520 ; 7.21897 ; 3.30452 ; 0 ; 0
1194544520 ; 7.20923 ; 3.3046 ; 0 ; 0
1194596520 ; 7.21775 ; 3.30437 ; 0 ; 0
1194650520 ; 7.22019 ; 3.30376 ; 0 ; 0
1194700520 ; 7.22262 ; 3.30635 ; 0 ; 0
1194750520 ; 7.21045 ; 3.30391 ; 0 ; 0
1194811520 ; 7.21775 ; 3.30376 ; 0 ; 0
1194855520 ; 7.21897 ; 3.30421 ; 0 ; 0
1194920520 ; 7.21654 ; 3.30437 ; 0 ; 0
1194974520 ; 7.21775 ; 3.30559 ; 0 ; 0
1195027520 ; 7.20923 ; 3.30391 ; 0 ; 0
1195078520 ; 7.22749 ; 3.3049 ; 0 ; 0
1195131520 ; 7.21532 ; 3.3062 ; 0 ; 0
1195173520 ; 7.21045 ; 3.30429 ; 0 ; 0
1195227520 ; 7.2141 ; 3.30536 ; 0 ; 0
1195270520 ; 7.22019 ; 3.30429 ; 0 ; 0
1195323520 ; 7.22993 ; 3.3046 ; 0 ; 0
1195383520 ; 7.21654 ; 3.30582 ; 0 ; 0
1195436520 ; 28.3297 ; 3.30605 ; 0 ; 0
1195490520 ; 7.23358 ; 3.30429 ; 0 ; 0
1195541520 ; 7.22019 ; 3.30475 ; 0 ; 0
1195587520 ; 7.2141 ; 3.30612 ; 0 ; 0
1195643520 ; 7.21897 ; 3.30444 ; 0 ; 0
1195703520 ; 7.20801 ; 3.30437 ; 0 ; 0
1195750520 ; 7.22019 ; 3.30429 ; 0 ; 0
1195798520 ; 7.22262 ; 3.30505 ; 0 ; 0
1195846520 ; 7.22384 ; 3.30421 ; 0 ; 0
1195895520 ; 7.20558 ; 3.3046 ; 0 ; 0
1195945520 ; 7.21532 ; 3.30437 ; 0 ; 0
1196005520 ; 7.22019 ; 3.30429 ; 0 ; 0
1196050520 ; 7.21045 ; 3.30475 ; 0 ; 0
